84
462 354 3 3
779 881 1 2
146 80 3 3
891 287 3 1
639 69 0 2
842 664 4 1
17 657 0 2
486 36 1 0
540 375 3 3
848 784 0 3
610 968 1 3
556 431 0 3
520 36 3 0
320 901 4 3
567 476 3 2
834 24 3 3
590 998 0 2
857 267 3 3
908 326 1 2
277 128 2 3
539 94 4 0
675 305 4 0
176 202 3 1
913 410 3 3
463 226 4 2
800 663 2 0
804 141 2 1
703 390 2 0
756 278 2 0
107 673 3 0
50 766 1 4
828 546 0 3
885 222 1 0
19 363 0 4
334 966 2 4
328 761 3 4
376 143 4 1
112 924 4 0
784 138 3 4
428 790 3 2
500 3 0 2
637 565 0 2
160 933 1 3
3 415 2 4
675 27 4 4
756 817 2 1
304 240 0 4
25 100 0 0
929 868 4 1
60 812 1 4
717 332 1 1
46 422 0 0
746 477 3 3
406 846 0 0
494 620 1 1
644 602 0 0
639 541 0 3
667 935 2 1
99 830 2 3
476 910 2 4
761 175 4 2
671 234 4 1
486 720 1 4
429 472 0 2
68 582 2 3
433 404 1 1
485 844 2 4
293 436 2 0
853 187 4 4
72 99 1 2
549 926 4 3
997 252 4 3
268 180 1 1
215 817 0 1
64 242 3 1
736 751 1 0
122 924 3 0
513 783 4 2
768 480 1 4
964 996 1 2
268 616 1 1
325 532 2 4
609 666 3 1
647 678 4 4
40
581 338 1 0
822 986 1 3
130 666 4 1
191 151 3 3
589 980 4 2
406 932 0 4
646 9 4 3
790 722 2 3
609 933 3 3
894 145 0 4
534 409 0 0
899 315 3 4
469 108 3 0
107 877 3 2
618 936 2 3
824 310 0 4
880 681 0 4
764 80 1 3
86 336 0 4
831 564 0 2
867 254 2 3
939 530 1 0
663 516 0 4
128 990 3 2
879 679 1 1
393 741 1 3
692 313 3 0
521 863 0 1
977 722 1 3
11 655 2 2
152 678 0 4
982 789 3 2
960 712 2 0
25 220 0 0
572 900 3 4
344 455 2 2
179 577 0 3
955 631 1 2
687 541 3 3
791 32 1 3
91
595 388 1 0
410 735 3 2
536 275 0 3
290 473 4 4
116 137 0 4
672 231 3 3
475 460 4 3
444 591 0 1
987 408 1 0
786 97 0 2
55 415 3 4
116 311 0 0
954 731 4 2
406 819 0 3
208 409 0 0
933 868 3 1
286 76 0 0
473 532 4 4
418 3 4 2
402 24 0 3
285 680 2 3
494 517 1 3
684 622 4 0
624 620 0 1
38 318 1 1
637 689 0 1
912 950 4 3
415 822 4 1
340 127 2 3
948 119 3 1
544 641 4 3
65 458 2 1
619 949 1 1
288 317 2 4
690 311 0 0
594 819 0 3
777 118 3 1
69 860 2 0
741 361 3 4
893 264 1 0
750 447 1 0
553 112 0 4
961 27 1 4
893 698 1 1
211 914 1 0
13 87 3 0
827 675 4 4
481 802 1 3
838 819 1 3
19 999 0 4
718 121 0 2
853 333 4 2
668 36 0 0
600 401 2 4
402 527 0 0
880 137 0 4
125 934 0 0
915 834 2 3
168 681 1 4
232 15 4 4
348 394 1 3
588 654 3 0
931 763 0 0
855 840 1 2
388 649 0 3
861 845 2 1
608 503 3 3
529 458 0 1
75 593 2 3
916 385 2 1
998 574 2 3
883 682 3 2
754 96 0 2
111 179 4 0
247 876 4 3
77 1 2 3
290 136 4 3
645 754 1 0
725 414 3 1
920 33 2 2
528 964 0 1
555 605 1 4
117 4 4 3
985 247 1 4
897 935 1 1
396 870 1 4
846 97 0 2
235 144 1 0
198 681 1 4
776 63 2 2
74 784 0 3
31
965 769 1 2
795 517 4 3
694 228 1 0
158 209 2 2
281 254 2 3
895 104 4 1
730 128 1 3
212 320 4 4
23 450 4 0
491 453 2 0
405 78 2 0
756 829 2 4
310 847 4 4
508 986 4 3
377 807 2 2
425 718 4 0
759 109 3 2
77 176 2 3
925 405 4 2
497 468 1 3
235 882 1 2
807 897 2 1
848 223 0 3
348 980 1 2
167 387 3 1
984 459 3 1
2 34 1 4
171 339 2 3
265 392 2 0
414 170 1 0
903 888 0 3
34
977 106 1 2
603 563 3 1
81 509 2 4
21 250 0 1
855 827 1 4
473 488 4 2
866 98 1 0
764 894 1 0
480 450 4 0
39 907 3 2
744 241 4 1
614 715 4 0
563 732 1 1
597 691 2 1
564 515 2 1
898 379 2 2
582 394 3 3
798 280 1 3
973 560 1 0
534 901 0 3
332 246 1 4
214 933 1 3
398 549 0 4
132 928 4 4
672 100 3 0
810 16 3 2
643 285 4 2
893 334 1 2
671 75 4 2
515 478 1 2
851 979 0 2
697 300 0 1
514 347 3 4
282 641 3 3
26
267 652 3 1
590 553 0 0
703 813 2 0
108 401 0 4
294 475 2 4
61 16 2 2
290 640 4 4
450 190 0 1
68 700 2 2
402 5 0 2
483 693 3 4
4 292 3 2
33 873 2 3
466 983 4 0
626 804 1 2
378 196 0 0
666 333 1 2
745 56 1 0
18 682 2 2
166 472 4 2
103 604 0 2
433 500 1 0
367 758 0 0
358 869 1 2
272 863 0 1
354 191 3 3
17
959 185 4 3
90 306 3 4
206 353 0 3
659 11 4 2
351 542 1 1
295 801 3 4
787 179 2 0
543 404 0 1
834 786 3 0
990 285 2 2
61 448 2 2
79 904 3 0
189 911 1 4
658 170 1 0
563 500 1 0
773 200 2 1
730 282 1 3
70
709 456 0 3
513 271 4 0
98 77 0 2
996 715 2 0
950 705 3 4
233 976 0 0
602 785 0 0
692 968 3 3
374 216 1 4
624 967 0 4
723 130 2 4
499 280 2 3
70 84 2 0
341 284 3 1
542 775 1 3
741 781 3 3
674 244 1 4
960 536 2 0
634 865 2 3
343 233 0 0
104 889 1 1
779 913 1 3
218 890 3 0
928 114 4 4
40 16 1 2
843 403 3 4
932 127 4 3
82 814 1 4
107 685 3 1
478 415 2 4
854 582 4 3
255 528 4 0
333 409 2 0
325 623 2 3
17 744 0 4
822 801 1 4
692 85 3 4
472 847 2 4
976 599 0 1
5 471 2 0
632 556 4 0
446 566 1 1
711 984 3 3
22 96 4 2
547 116 2 0
20 306 0 4
262 306 3 4
100 119 0 1
449 101 4 4
59 551 4 0
820 37 2 0
172 790 4 2
982 512 3 4
948 640 3 4
822 772 1 4
551 586 0 0
356 992 2 1
36 772 0 4
735 859 2 0
348 794 1 3
116 436 0 0
202 378 1 0
823 808 3 1
984 96 3 2
506 922 4 4
230 820 1 2
687 381 3 2
159 573 4 1
587 405 3 2
722 615 3 0
60
28 281 3 2
8 135 3 0
880 882 0 2
473 817 4 1
801 808 4 1
496 249 1 0
377 789 2 2
858 552 3 2
812 782 4 0
117 820 4 2
894 75 0 2
747 61 0 2
140 529 3 0
490 365 2 3
946 318 4 1
81 52 2 3
260 449 4 4
509 117 4 4
480 651 4 3
666 169 1 3
576 70 1 2
773 262 2 3
518 728 2 2
118 963 1 3
593 148 3 0
715 419 0 1
980 885 2 1
175 971 2 4
765 664 2 1
633 82 2 1
730 309 1 1
585 876 0 3
23 257 4 3
653 690 1 0
21 508 0 4
714 818 2 1
780 98 1 0
790 311 2 0
49 392 2 0
698 357 1 0
867 716 2 0
61 827 2 4
231 17 3 0
628 173 0 3
36 734 0 4
270 412 0 3
849 218 4 3
643 805 4 2
138 183 4 4
444 595 0 1
953 944 2 2
765 169 2 3
768 671 1 4
295 136 3 3
621 183 1 4
211 649 1 3
983 595 0 1
265 264 2 0
93 642 2 4
262 590 3 0
61
384 620 3 1
945 347 2 4
226 963 2 3
498 688 4 0
981 853 2 4
138 337 4 2
451 103 1 0
602 369 0 0
971 452 4 4
838 918 1 2
268 804 1 2
917 593 4 3
806 329 2 3
31 969 3 0
565 146 2 3
819 863 3 1
978 440 4 4
476 988 2 0
848 214 0 1
448 62 2 4
8 429 3 0
157 585 0 0
986 629 3 2
864 147 3 0
360 56 4 0
83 728 2 2
480 41 4 3
970 572 4 3
183 122 4 3
731 655 2 2
372 971 3 4
632 842 4 4
776 142 2 3
945 807 2 2
656 862 4 4
298 151 2 3
580 192 3 3
951 150 4 0
976 34 0 4
320 704 4 1
884 945 1 2
405 783 2 2
193 102 1 2
295 900 3 4
403 344 4 2
976 443 0 2
470 981 0 2
896 307 4 3
918 129 2 3
893 274 1 2
31 802 3 3
454 240 3 4
349 146 0 3
92 682 4 2
121 347 2 4
414 655 1 2
425 489 4 0
279 935 2 1
235 344 1 2
830 14 3 4
414 223 1 3
1
384 388 3 0
55
680 935 3 1
688 23 0 4
570 824 0 0
8 43 3 2
782 700 0 2
15 655 4 2
264 266 0 2
682 578 2 4
157 554 0 4
356 173 2 3
181 28 3 3
241 530 1 0
4 654 3 0
932 562 4 1
45 356 4 2
925 253 4 4
587 874 3 0
938 634 0 2
94 469 0 3
992 847 1 4
902 728 3 2
646 450 4 0
976 531 0 4
206 741 0 3
242 109 1 2
722 368 3 1
835 178 2 1
63 777 2 3
316 591 4 1
752 94 1 0
894 562 0 1
202 587 1 3
686 383 3 1
847 407 4 0
12 726 3 2
378 681 0 4
348 184 1 4
854 24 4 3
358 887 1 0
858 207 3 0
600 285 2 2
741 840 3 2
198 917 1 4
186 703 1 2
59 502 4 1
128 199 3 2
639 486 0 1
81 499 2 2
389 283 4 2
325 682 2 2
280 853 3 4
986 445 3 0
585 527 0 0
58 5 1 2
80 596 3 0
36
901 756 3 2
974 962 4 3
39 408 3 0
633 269 2 2
930 869 1 2
550 847 2 4
449 310 4 4
356 269 2 2
839 740 4 2
473 966 4 4
534 878 0 3
879 53 1 2
344 452 2 4
209 16 2 2
860 400 0 1
660 968 0 3
18 978 2 4
43 733 2 2
130 703 4 2
986 404 3 1
446 781 1 3
156 544 3 4
279 558 2 4
632 243 4 4
389 822 4 1
966 895 4 4
553 890 0 0
640 142 4 3
20 447 0 0
403 434 4 2
939 100 1 0
493 618 3 2
154 110 0 0
584 561 1 0
324 478 4 2
268 964 1 1
28
232 787 4 2
608 447 3 0
315 710 4 2
166 472 4 2
352 398 3 0
461 317 1 4
353 380 3 2
98 880 0 0
791 185 1 3
909 76 4 0
568 761 4 4
771 625 2 0
315 370 4 3
556 779 0 1
665 516 3 4
49 173 2 3
970 752 4 1
964 707 1 0
761 722 4 3
267 181 3 3
741 235 3 1
162 927 0 4
917 887 4 0
28 485 3 2
344 518 2 2
542 60 1 1
502 414 1 1
968 124 3 0
41
453 753 0 1
393 724 1 2
308 285 3 2
121 798 2 1
15 910 4 4
704 412 1 3
368 917 1 4
582 51 3 1
284 83 1 2
939 916 1 2
894 736 0 1
625 693 0 4
287 815 1 0
199 203 2 4
775 524 3 2
862 746 4 3
380 763 2 0
987 780 1 1
41 767 3 3
765 641 2 3
307 731 3 2
433 521 1 0
13 520 3 3
130 875 4 2
363 372 4 3
532 201 4 2
787 667 2 2
735 531 2 4
719 917 2 4
688 420 0 3
871 252 1 3
235 908 1 1
612 367 3 0
789 131 2 2
479 40 3 1
886 327 2 0
376 303 4 3
28 539 3 4
531 993 4 0
218 604 3 2
916 353 2 3
58
848 163 0 1
112 59 4 4
477 267 3 3
732 605 1 4
60 892 1 0
851 199 0 2
736 496 1 1
186 723 1 2
559 355 1 0
406 719 0 2
563 251 1 4
990 947 2 4
653 479 1 3
163 243 1 4
608 812 3 4
797 704 0 1
453 930 0 1
524 929 2 4
784 638 3 2
808 584 1 1
126 57 3 4
373 591 1 1
458 37 1 0
70 768 2 1
3 487 2 2
44 524 1 2
818 976 1 0
428 11 3 2
573 589 1 4
115 402 4 0
972 239 3 1
774 35 1 4
69 141 2 1
794 838 3 1
320 413 4 1
292 422 2 0
97 729 2 1
599 326 1 2
725 38 3 1
856 289 4 0
626 896 1 4
207 137 0 4
984 954 3 4
188 672 4 3
254 250 3 1
636 282 0 3
691 848 1 0
63 268 2 1
842 894 4 0
46 869 0 2
361 219 4 0
310 714 4 2
758 298 0 2
428 896 3 4
885 280 1 3
260 914 4 0
427 435 2 2
594 275 0 3
59
133 500 1 0
589 357 4 0
480 778 4 2
720 114 4 4
419 795 1 4
606 2 4 1
563 765 1 2
35 86 4 0
661 897 2 1
530 786 0 0
591 537 1 3
634 872 2 1
662 246 2 4
327 111 0 4
522 90 4 3
765 879 2 1
838 439 1 4
632 700 4 2
652 706 1 0
687 501 3 2
349 200 0 1
270 136 0 3
326 827 2 4
98 404 0 1
934 432 0 3
656 602 4 0
300 865 1 3
271 120 0 0
605 890 4 0
188 819 4 3
587 34 3 4
179 177 0 4
329 416 3 2
403 913 4 3
483 823 3 3
627 119 3 1
954 88 4 3
32 112 3 4
197 698 4 1
584 718 1 0
547 225 2 3
289 88 0 3
461 848 1 0
27 530 4 0
249 956 0 1
796 876 2 3
424 558 2 4
450 857 0 3
841 604 1 2
323 207 1 0
287 430 1 0
696 629 2 2
837 96 0 2
392 110 0 0
594 728 0 2
401 321 4 2
488 998 2 2
889 410 1 3
830 427 3 2
41
625 853 0 4
783 180 2 1
621 151 1 3
995 533 3 2
236 579 4 0
952 587 2 3
457 397 0 2
898 98 2 0
131 371 2 0
796 161 2 3
534 59 0 4
121 55 2 3
897 144 1 0
772 475 4 4
987 907 1 2
485 233 2 0
458 221 1 1
721 392 2 0
738 722 0 3
868 56 1 0
342 778 4 2
134 849 2 4
62 898 4 2
487 158 2 2
613 111 0 4
432 97 3 2
925 514 4 3
704 136 1 3
73 911 4 4
351 965 1 1
159 24 4 3
27 35 4 4
249 102 0 2
332 524 1 2
903 567 0 3
846 663 0 0
698 667 1 2
43 607 2 3
447 872 0 1
794 63 3 2
6 158 1 2
79
586 677 0 3
77 921 2 0
327 310 0 4
18 371 2 0
665 179 3 0
25 952 0 2
436 473 0 4
20 38 0 1
523 872 1 1
913 164 3 0
47 485 1 2
849 267 4 3
26 9 4 3
565 910 2 4
122 50 3 1
155 712 1 0
921 948 0 3
415 209 4 2
560 20 0 0
981 324 2 4
980 425 2 4
954 864 4 3
193 95 1 1
898 345 2 4
435 1 2 3
227 346 2 1
619 178 1 1
289 810 0 3
166 649 4 3
403 384 4 3
98 415 0 4
587 596 3 0
89 197 1 4
483 579 3 0
424 430 2 0
867 310 2 4
161 543 3 0
983 832 0 4
117 839 4 4
188 994 4 3
142 503 3 3
227 61 2 2
575 343 2 0
774 43 1 2
991 193 0 1
48 539 2 4
170 455 0 2
306 855 4 1
152 956 0 1
687 900 3 4
578 681 4 4
600 117 2 4
382 727 4 0
812 883 4 3
228 956 0 1
255 509 4 4
184 188 4 4
180 384 1 3
8 421 3 4
461 12 1 3
32 15 3 4
839 891 4 3
809 918 1 2
522 311 4 0
80 958 3 4
654 254 0 3
18 257 2 3
186 676 1 4
501 359 2 4
493 342 3 4
802 387 3 1
671 662 4 2
487 134 2 2
18 312 2 1
241 499 1 2
66 96 3 2
830 182 3 0
915 981 2 2
432 602 3 0
17
870 238 4 3
893 84 1 0
704 349 1 0
114 42 4 4
793 395 4 2
138 542 4 1
308 940 3 4
712 655 0 2
473 229 4 4
240 616 4 1
104 974 1 4
611 136 1 3
306 901 4 3
746 850 3 1
541 117 3 4
60 364 1 1
810 510 3 1
34
620 196 1 0
549 327 4 0
430 246 0 4
444 141 0 1
363 681 4 4
789 494 2 1
780 754 1 0
559 822 1 1
828 861 0 2
355 122 0 3
803 424 3 2
609 736 3 1
303 541 3 3
555 443 1 2
268 565 1 2
643 838 4 1
684 158 4 2
808 548 1 0
394 281 3 2
468 690 3 0
256 274 2 2
825 178 1 1
817 725 1 3
153 581 3 1
569 705 1 4
157 188 0 4
488 764 2 1
861 226 2 2
317 763 4 0
815 505 0 2
87 988 0 0
130 760 4 1
143 890 1 0
498 278 4 0
68
412 174 3 0
431 610 3 1
467 660 2 0
616 259 1 4
653 983 1 0
415 363 4 4
443 527 2 0
820 619 2 1
955 231 1 3
950 866 3 1
707 779 0 1
747 401 0 4
339 136 3 3
944 129 2 3
5 453 2 0
241 736 1 1
804 815 2 0
454 747 3 0
246 923 4 1
387 925 1 4
552 213 2 1
562 758 1 0
804 141 2 1
502 7 1 2
361 433 4 1
503 273 3 2
968 613 3 0
549 957 4 3
278 238 0 3
938 398 0 0
707 271 0 0
633 363 2 4
189 299 1 1
517 480 3 4
257 241 3 1
384 484 3 0
784 894 3 0
169 734 3 4
354 748 3 0
56 944 0 2
258 639 4 0
793 478 4 2
902 440 3 4
74 240 0 4
537 411 3 4
875 298 2 2
598 35 2 4
177 413 4 1
299 398 1 0
887 614 0 4
472 3 2 2
258 876 4 3
859 975 0 0
656 575 4 2
465 295 1 3
108 604 0 2
322 743 4 2
568 757 4 2
866 697 1 0
303 93 3 2
168 162 1 0
973 817 1 1
277 766 2 4
590 738 0 0
674 579 1 0
352 391 3 4
462 643 3 4
135 1000 0 2
62
36 755 0 2
197 228 4 0
802 295 3 3
340 277 2 2
803 888 3 3
594 743 0 2
867 1000 2 2
872 894 1 0
558 918 4 2
479 321 3 2
467 908 2 1
327 614 0 4
936 381 3 2
360 815 4 0
583 705 1 4
84 77 0 2
168 390 1 0
644 327 0 0
281 236 2 4
230 375 1 3
209 549 2 4
992 177 1 4
722 864 3 3
7 153 2 3
420 705 3 4
952 848 2 0
670 982 2 3
247 523 4 1
863 384 1 3
422 688 0 0
282 420 3 3
189 757 1 2
529 589 0 4
928 439 4 4
881 536 2 0
750 460 1 3
499 524 2 2
773 21 2 0
706 212 0 4
435 180 2 1
208 306 0 4
224 926 2 3
43 25 2 0
391 916 4 2
709 79 0 3
347 500 4 0
297 829 3 4
94 271 0 0
553 125 0 0
685 407 1 0
541 911 3 4
519 31 1 3
773 168 2 1
364 79 1 3
360 375 4 3
699 490 4 2
149 213 1 1
547 549 2 4
846 137 0 4
971 231 4 3
821 357 3 0
781 472 3 2
54
952 749 2 3
703 381 2 2
889 935 1 1
187 169 4 3
932 358 4 1
726 653 2 1
445 225 0 3
193 703 1 2
854 17 4 0
112 528 4 0
798 173 1 3
428 284 3 1
769 350 2 1
14 453 4 0
254 358 3 1
359 680 4 3
153 619 3 1
985 649 1 3
812 658 4 1
216 273 4 2
252 111 3 4
963 821 3 3
159 416 4 2
970 67 4 4
781 313 3 0
155 326 1 2
738 523 0 1
620 224 1 2
822 93 1 2
143 823 1 3
22 772 4 4
565 936 2 3
403 14 4 4
136 784 3 3
356 715 2 0
898 930 2 1
203 724 4 2
715 770 0 1
258 206 4 0
19 848 0 0
616 176 1 3
125 497 0 1
475 311 4 0
859 815 0 0
139 699 3 4
476 632 2 4
1 434 3 2
807 468 2 3
43 378 2 0
650 727 0 0
541 988 3 0
275 335 3 1
117 932 4 4
459 888 1 3
97
61 970 2 4
99 546 2 3
465 883 1 3
365 343 3 0
166 149 4 1
947 173 4 3
388 610 0 1
196 355 0 0
491 672 2 3
975 172 0 4
426 641 1 3
506 713 4 3
874 714 0 2
212 77 4 2
761 933 4 3
43 884 2 1
386 338 2 0
927 728 4 2
561 513 0 4
656 553 4 0
500 101 0 4
786 512 0 4
38 237 1 4
510 89 1 1
557 508 3 4
157 707 0 0
203 315 4 4
421 934 4 0
289 408 0 0
398 575 0 2
295 270 3 0
750 354 1 3
993 48 0 2
920 397 2 2
964 307 1 3
932 69 4 2
54 71 3 0
440 760 4 1
218 713 3 3
459 446 1 1
267 320 3 4
66 308 3 3
976 562 0 1
604 22 2 4
726 371 2 0
872 177 1 4
99 226 2 2
598 250 2 1
22 943 4 3
899 934 3 0
13 20 3 0
382 943 4 3
566 104 1 1
991 40 0 1
518 250 2 1
192 126 3 3
664 584 1 1
123 858 2 3
406 43 0 2
778 55 2 3
419 134 1 2
782 325 0 2
649 892 3 0
255 487 4 2
781 284 3 1
227 871 2 1
776 58 2 1
306 124 4 0
9 139 3 3
381 149 2 1
486 652 1 1
582 941 3 2
770 831 1 0
827 395 4 2
144 459 0 1
693 932 4 4
381 630 2 1
101 343 4 0
132 346 4 1
789 805 2 2
203 658 4 1
916 75 2 2
354 112 3 4
355 542 0 1
708 436 0 0
293 738 2 0
206 802 0 3
980 639 2 0
860 801 0 4
6 120 1 0
115 948 4 3
455 689 2 1
25 790 0 2
735 396 2 1
904 647 0 4
996 968 2 3
458 989 1 4
81
120 463 0 4
137 367 4 0
155 849 1 4
448 300 2 1
36 272 0 0
346 629 1 2
408 394 0 3
898 537 2 3
760 874 1 0
106 188 2 4
882 817 2 1
267 514 3 3
992 962 1 3
958 967 4 4
93 895 2 4
202 882 1 2
175 562 2 1
730 704 1 1
78 702 0 4
906 436 0 0
655 571 2 3
46 484 0 0
365 896 3 4
791 415 1 4
573 706 1 0
467 298 2 2
124 419 0 1
392 682 0 2
743 662 2 2
77 611 2 1
871 431 1 3
740 175 2 2
39 319 3 3
896 491 4 2
323 221 1 1
175 19 2 0
991 505 0 2
300 838 1 1
905 185 3 3
92 244 4 4
836 982 1 3
130 699 4 4
873 849 3 4
977 913 1 3
908 919 1 1
374 948 1 3
793 260 4 4
744 349 4 0
442 140 2 3
509 652 4 1
166 900 4 4
762 132 0 4
543 918 0 2
902 503 3 3
151 563 3 1
940 428 4 3
40 371 1 0
43 956 2 1
199 305 2 0
579 789 0 2
12 10 3 0
206 526 0 0
49 844 2 4
969 225 0 3
196 450 0 0
174 950 0 3
339 821 3 3
983 132 0 4
107 767 3 3
617 154 0 0
213 345 1 4
19 428 0 3
78 365 0 3
65 89 2 1
737 373 3 1
545 545 1 1
835 682 2 2
737 204 3 1
418 929 4 4
179 438 0 3
995 816 3 1
82
430 631 0 2
494 195 1 2
454 849 3 4
296 649 4 3
69 478 2 2
351 717 1 1
71 754 0 0
431 50 3 1
342 267 4 3
827 416 4 2
282 124 3 0
628 116 0 0
596 8 0 3
425 171 4 2
416 137 2 4
215 404 0 1
96 772 2 4
57 882 4 2
918 931 2 0
204 450 1 0
778 887 2 0
41 887 3 0
281 615 2 0
117 928 4 4
454 841 3 1
406 275 0 3
690 36 0 0
619 880 1 0
208 232 0 4
846 973 0 1
371 635 0 0
686 737 3 3
160 736 1 1
396 718 1 0
448 510 2 1
615 656 0 4
286 778 0 2
659 285 4 2
751 410 0 3
261 352 0 3
63 824 2 0
473 342 4 4
591 703 1 2
412 668 3 0
908 916 1 2
670 27 2 4
924 892 0 0
239 386 1 2
826 558 2 4
90 510 3 1
233 581 0 1
446 543 1 0
220 365 0 3
673 554 0 4
548 695 0 4
384 47 3 1
251 538 4 1
258 278 4 0
453 416 0 2
738 91 0 3
502 10 1 0
611 203 1 4
222 985 0 1
734 50 4 1
585 34 0 4
326 787 2 2
596 413 0 1
573 611 1 1
362 187 4 4
927 410 4 3
500 121 0 2
188 119 4 1
414 181 1 3
892 910 0 4
846 292 0 2
642 617 4 0
200 885 1 1
403 81 4 2
325 646 2 4
32 103 3 0
995 481 3 1
430 819 0 3
20
850 47 1 1
96 922 2 4
488 922 2 4
258 627 4 3
693 597 4 2
213 150 1 0
580 754 3 0
139 760 3 1
958 200 4 1
681 871 4 1
305 904 0 0
880 862 0 4
254 208 3 0
107 777 3 3
421 221 4 1
817 768 1 1
127 649 3 3
905 625 3 0
336 380 4 2
301 942 3 4
38
302 197 1 4
933 627 3 3
378 912 0 4
382 611 4 1
7 801 2 4
647 218 4 3
952 740 2 2
708 830 0 3
179 380 0 2
58 804 1 2
343 130 0 4
266 801 2 4
822 188 1 4
651 87 3 0
834 143 3 1
944 498 2 4
684 578 4 4
993 854 0 4
471 322 0 4
389 263 4 3
91 395 3 2
124 212 0 4
6 218 1 3
587 793 3 4
261 116 0 0
49 160 2 1
496 465 1 1
286 484 0 0
555 803 1 3
324 873 4 3
384 589 3 4
5 131 2 2
762 402 0 0
859 33 0 2
517 532 3 4
519 486 1 1
369 133 0 1
698 868 1 1
25
725 695 3 4
613 377 0 2
576 849 1 4
631 972 2 3
99 432 2 3
747 219 0 0
115 479 4 3
27 994 4 3
874 521 0 0
45 61 4 2
336 818 4 1
273 832 2 4
10 490 0 2
163 173 1 3
41 252 3 3
813 339 0 3
425 245 4 3
332 499 1 2
652 775 1 3
764 870 1 4
875 221 2 1
483 3 3 2
352 465 3 1
952 909 2 4
43 769 2 2
37
136 71 3 0
977 80 1 3
732 56 1 0
601 387 2 1
378 268 0 1
335 98 1 0
507 243 3 4
384 170 3 0
848 604 0 2
263 771 3 2
324 837 4 0
888 376 3 4
838 46 1 0
710 619 2 1
843 571 3 3
176 64 3 3
848 493 0 3
347 628 4 0
285 340 2 2
385 545 1 1
364 722 1 3
983 577 0 3
817 806 1 2
684 117 4 4
156 252 3 3
541 785 3 0
513 542 4 1
573 645 1 1
385 913 1 3
794 346 3 1
409 375 0 3
651 911 3 4
240 876 4 3
845 688 1 0
863 855 1 1
541 482 3 1
113 63 2 2
38
173 721 3 2
671 597 4 2
646 210 4 3
912 44 4 1
752 521 1 0
761 225 4 3
439 512 4 4
477 736 3 1
193 964 1 1
10 620 0 1
600 981 2 2
673 131 0 2
360 110 4 0
415 265 4 2
978 426 4 1
111 61 4 2
523 615 1 0
369 704 0 1
916 407 2 0
675 433 4 1
982 448 3 2
923 46 1 0
794 717 3 1
710 918 2 2
586 222 0 0
72 721 1 2
55 947 3 4
792 56 0 0
472 246 2 4
207 977 0 1
4 461 3 1
774 227 1 2
493 847 3 4
145 296 4 4
897 766 1 4
27 704 4 1
678 602 4 0
535 906 3 0
64
759 360 3 4
734 330 4 3
229 30 4 0
773 536 2 0
773 125 2 0
562 885 1 1
715 772 0 4
866 413 1 1
270 335 0 1
382 441 4 2
933 458 3 1
330 634 3 2
772 26 4 4
661 236 2 4
708 585 0 0
401 993 4 0
736 830 1 3
589 246 4 4
163 847 1 4
477 438 3 3
847 852 4 0
403 1 4 3
353 457 3 0
407 881 0 2
296 392 4 0
786 809 0 1
749 824 3 0
952 387 2 1
84 254 0 3
780 364 1 1
544 742 4 4
709 621 0 1
692 734 3 4
750 265 1 2
614 855 4 1
452 174 4 0
678 585 4 0
440 890 4 0
140 51 3 1
292 396 2 1
352 483 3 3
394 931 3 0
355 536 0 0
992 895 1 4
907 841 2 1
80 130 3 4
27 233 4 0
756 338 2 0
369 250 0 1
767 735 3 2
800 123 2 2
518 507 2 3
238 584 3 1
13 667 3 2
400 372 1 3
518 113 2 2
378 910 0 4
340 890 2 0
779 605 1 4
541 995 3 3
876 448 3 2
630 667 1 2
353 359 3 4
497 604 1 2
91
736 522 1 4
532 927 4 4
791 447 1 0
155 442 1 2
165 621 3 1
784 361 3 4
803 511 3 3
180 32 1 3
427 58 2 1
810 729 3 1
939 924 1 0
482 476 1 2
88 578 3 4
505 822 2 1
387 473 1 4
831 119 0 1
954 428 4 3
44 877 1 2
773 308 2 3
823 311 3 0
531 878 4 3
229 868 4 1
122 437 3 3
691 945 1 2
239 257 1 3
152 985 0 1
151 336 3 4
145 454 4 3
243 112 4 4
794 262 3 3
545 190 1 1
622 338 0 0
757 89 2 1
356 928 2 4
900 392 4 0
350 96 1 2
448 706 2 0
926 267 3 3
285 412 2 3
416 919 2 1
334 772 2 4
318 647 1 4
189 109 1 2
340 527 2 0
374 483 1 3
809 950 1 3
286 110 0 0
638 548 2 0
189 396 1 1
486 819 1 3
429 623 0 3
458 610 1 1
630 869 1 2
808 931 1 0
808 542 1 1
151 502 3 1
948 137 3 4
498 119 4 1
896 479 4 3
735 675 2 4
236 961 4 1
810 480 3 4
645 716 1 0
106 162 2 0
518 378 2 0
72 641 1 3
230 661 1 2
600 464 2 2
443 101 2 4
438 657 3 2
384 769 3 2
198 867 1 2
373 514 1 3
943 317 3 4
564 258 2 4
245 781 3 3
419 68 1 2
65 969 2 0
283 709 2 0
496 183 1 4
172 735 4 2
269 216 2 4
635 79 0 3
547 399 2 3
497 853 1 4
843 103 3 0
921 288 0 2
911 346 4 1
653 404 1 1
185 838 3 1
541 899 3 3
33
273 158 2 2
936 179 3 0
374 507 1 3
692 873 3 3
904 51 0 1
759 281 3 2
467 134 2 2
120 656 0 4
338 909 0 4
296 661 4 2
170 645 0 1
424 222 2 0
798 512 1 4
531 508 4 4
700 296 2 4
645 628 1 0
884 200 1 1
187 866 4 1
25 738 0 0
165 444 3 0
232 646 4 4
942 224 4 2
862 390 4 0
812 811 4 0
238 923 3 1
59 80 4 3
543 42 0 4
436 697 0 0
3 337 2 2
866 484 1 0
532 833 4 1
653 205 1 1
282 823 3 3
78
628 48 0 2
954 716 4 0
419 588 1 3
411 743 4 2
855 444 1 0
796 792 2 0
520 678 3 4
431 746 3 3
206 576 0 1
260 424 4 2
202 111 1 4
230 63 1 2
582 907 3 2
914 438 0 3
778 822 2 1
133 554 1 4
460 285 3 2
826 574 2 3
995 319 3 3
877 272 2 0
96 819 2 3
478 183 2 4
690 583 0 1
453 192 0 3
884 819 1 3
830 464 3 2
709 347 0 4
457 372 0 3
20 595 0 1
938 828 0 0
958 301 4 3
472 734 2 4
926 294 3 2
227 62 2 4
495 854 4 4
727 11 0 2
561 542 0 1
488 485 2 2
613 388 0 0
272 618 0 2
119 170 1 0
676 489 4 0
63 789 2 2
496 158 1 2
276 977 0 1
610 115 1 4
134 50 2 1
450 903 0 0
510 237 1 4
852 248 0 0
860 965 0 1
30 813 0 0
445 465 0 1
836 630 1 1
983 242 0 1
646 517 4 3
114 451 4 1
491 917 2 4
284 857 1 3
549 304 4 0
257 186 3 1
688 599 0 1
302 274 1 2
552 171 2 2
680 400 3 1
38 905 1 3
526 711 0 3
438 993 3 0
896 616 4 1
977 343 1 0
706 749 0 3
34 562 4 1
865 184 3 4
822 811 1 0
432 938 3 0
765 216 2 4
183 992 4 1
112 333 4 2
56
728 262 2 3
796 825 2 1
121 47 2 1
475 184 4 4
552 292 2 2
876 814 3 4
903 704 0 1
499 163 2 1
984 127 3 3
136 16 3 2
791 698 1 1
236 414 4 1
613 396 0 1
416 954 2 4
321 845 2 1
312 732 1 1
993 936 0 3
199 123 2 2
814 778 4 2
189 528 1 0
141 818 1 1
667 531 2 4
354 791 3 1
774 501 1 2
831 811 0 0
218 915 3 2
827 370 4 3
102 947 2 4
357 726 0 2
685 55 1 3
671 875 4 2
109 707 2 0
32 946 3 4
200 420 1 3
290 356 4 2
768 743 1 2
634 180 2 1
248 459 0 1
421 466 4 4
717 189 1 1
575 432 2 3
19 750 0 1
391 482 4 1
148 699 0 4
679 519 1 1
91 648 3 0
408 510 0 1
415 201 4 2
402 175 0 2
259 439 4 4
296 808 4 1
570 828 0 0
274 736 2 1
367 27 0 4
764 972 1 3
107 439 3 4
87
139 512 3 4
310 641 4 3
247 274 4 2
625 551 0 0
419 21 1 0
563 366 1 1
484 210 0 3
891 154 3 0
901 227 3 2
240 758 4 0
243 741 4 3
57 314 4 3
729 806 1 2
934 971 0 4
681 852 4 0
294 977 2 1
768 989 1 4
285 412 2 3
621 804 1 2
690 567 0 3
574 705 3 4
819 863 3 1
462 658 3 1
429 221 0 1
839 397 4 2
188 999 4 4
784 216 3 4
922 277 4 2
11 111 2 4
48 998 2 2
398 820 0 2
703 795 2 4
387 405 1 2
665 891 3 3
78 199 0 2
705 942 4 4
563 673 1 0
748 486 0 1
258 163 4 1
658 551 1 0
1000 837 2 0
397 558 2 4
819 132 3 4
469 839 3 4
977 543 1 0
453 673 0 0
750 560 1 0
677 741 3 3
152 926 0 3
389 164 4 0
520 54 3 3
907 150 2 0
552 418 2 4
842 878 4 3
147 562 0 1
647 778 4 2
645 247 1 4
641 329 3 3
65 279 2 2
668 294 0 2
641 770 3 1
305 961 0 1
365 83 3 2
310 724 4 2
411 546 4 3
613 746 0 3
759 734 3 4
188 243 4 4
95 104 1 1
305 13 0 3
238 178 3 1
672 357 3 0
467 398 2 0
546 651 3 3
773 372 2 3
971 459 4 1
29 67 2 4
545 8 1 3
712 169 0 3
764 435 1 2
584 46 1 0
590 345 0 4
262 810 3 3
472 706 2 0
709 654 0 0
94 454 0 3
894 144 0 0
47
754 980 0 2
984 86 3 0
432 979 3 2
759 960 3 2
461 794 1 3
32 247 3 4
363 850 4 1
566 531 1 4
911 474 4 2
301 338 3 0
317 833 4 1
781 394 3 3
199 23 2 4
953 675 2 4
701 263 2 3
270 588 0 3
814 261 4 0
863 472 1 2
452 320 4 4
557 221 3 1
133 373 1 1
795 593 4 3
734 552 4 2
359 17 4 0
219 711 0 3
517 103 3 0
994 364 3 1
86 887 0 0
845 703 1 2
421 318 4 1
341 270 3 0
498 888 4 3
596 258 0 4
312 692 1 3
763 56 0 0
857 214 3 1
834 648 3 0
49 474 2 2
750 445 1 0
343 512 0 4
540 81 3 2
592 136 4 3
244 245 4 3
902 490 3 2
185 546 3 3
998 930 2 1
468 783 3 2
62
495 616 4 1
727 910 0 4
935 329 1 3
606 663 4 0
537 862 3 4
408 222 0 0
366 429 1 0
710 107 2 3
428 93 3 2
885 803 1 3
969 719 0 2
765 899 2 3
848 486 0 1
580 968 3 3
963 957 3 3
876 2 3 1
614 679 4 1
392 7 0 2
283 634 2 2
998 715 2 0
352 61 3 2
8 813 3 0
953 136 2 3
557 285 3 2
514 499 3 2
480 634 4 2
774 95 1 1
778 312 2 1
117 720 4 4
625 670 0 2
797 68 0 2
107 94 3 0
672 997 3 4
856 245 4 3
374 250 1 1
124 634 0 2
279 684 2 4
942 643 4 4
383 468 1 3
913 651 3 3
862 650 4 0
596 977 0 1
43 72 2 1
943 130 3 4
556 957 0 3
388 869 0 2
669 797 1 0
584 127 1 3
851 605 0 4
853 429 4 0
379 837 2 0
205 839 1 4
155 542 1 1
741 741 3 3
613 803 0 3
820 136 2 3
716 237 0 4
854 651 4 3
228 478 0 2
985 499 1 2
90 246 3 4
331 249 3 0
32
12 46 3 0
377 152 2 0
68 57 2 4
859 526 0 0
103 765 0 2
366 840 1 2
424 249 2 0
604 917 2 4
91 866 3 1
857 311 3 0
440 994 4 3
125 422 0 0
893 483 1 3
593 643 3 4
394 105 3 4
622 779 0 1
525 393 0 1
465 294 1 2
533 962 2 3
538 851 1 0
548 223 0 3
828 250 0 1
334 989 2 4
815 733 0 2
758 111 0 4
89 628 1 0
344 356 2 2
907 276 2 0
969 322 0 4
103 907 0 2
162 593 0 3
264 10 0 0
59
334 538 2 1
247 317 4 4
242 912 1 4
470 816 0 1
943 788 3 0
492 811 0 0
31 848 3 0
480 506 4 4
904 412 0 3
62 905 4 3
616 841 1 1
849 566 4 1
376 378 4 0
717 421 1 4
64 850 3 1
654 861 0 2
904 16 0 2
728 247 2 4
662 527 2 0
380 775 2 3
81 98 2 0
819 372 3 3
649 405 3 2
306 113 4 2
144 918 0 2
10 126 0 3
937 130 3 4
643 640 4 4
972 709 3 0
269 77 2 2
611 393 1 1
363 324 4 4
92 663 4 0
452 480 4 4
827 468 4 3
311 910 0 4
466 554 4 4
442 212 2 4
304 832 0 4
463 185 4 3
268 364 1 1
484 323 0 1
677 452 3 4
318 892 1 0
648 796 0 2
705 22 4 4
308 665 3 3
358 197 1 4
701 388 2 0
393 76 1 0
395 418 2 4
933 847 3 4
222 553 0 0
55 255 3 4
8 821 3 3
660 317 0 4
959 145 4 4
528 470 0 0
38 313 1 0
31
628 272 0 0
307 67 3 4
669 240 1 4
158 609 2 3
580 135 3 0
202 688 1 0
510 643 1 4
847 993 4 0
439 608 4 3
306 268 4 1
411 245 4 3
498 339 4 3
440 414 4 1
681 721 4 2
864 506 3 4
334 354 2 3
517 296 3 4
839 631 4 2
749 891 3 3
459 554 1 4
661 183 2 4
261 968 0 3
722 342 3 4
469 511 3 3
978 716 4 0
889 813 1 0
1 339 3 3
17 642 0 4
352 684 3 4
696 428 2 3
240 3 4 2
29
645 20 1 0
117 450 4 0
371 171 0 2
881 645 2 1
468 493 3 3
848 882 0 2
971 621 4 1
706 185 0 3
619 669 1 1
383 187 1 4
495 576 4 1
838 375 1 3
532 544 4 4
925 131 4 2
596 599 0 1
238 375 3 3
392 523 0 1
987 307 1 3
81 955 2 1
702 792 4 0
851 502 0 1
591 764 1 1
878 67 3 4
242 943 1 3
394 938 3 0
12 275 3 3
478 945 2 2
474 672 2 3
717 499 1 2
65
837 782 0 0
916 591 2 1
603 23 3 4
63 748 2 0
595 645 1 1
1000 925 2 4
912 995 4 3
157 375 0 3
951 644 4 0
199 305 2 0
371 686 0 3
895 447 4 0
333 805 2 2
323 251 1 4
176 385 3 1
479 2 3 1
610 838 1 1
192 962 3 3
703 342 2 4
141 166 1 4
848 853 0 4
46 708 0 0
897 336 1 4
438 364 3 1
55 42 3 4
469 285 3 2
392 301 0 3
734 925 4 4
237 202 4 1
672 812 3 4
306 325 4 2
63 94 2 0
711 231 3 3
570 571 0 3
391 361 4 4
63 741 2 3
189 219 1 0
763 230 0 1
646 398 4 0
150 371 0 0
161 116 3 0
850 648 1 0
667 874 2 0
236 961 4 1
216 86 4 0
988 67 0 4
12 267 3 3
239 85 1 4
847 511 4 3
740 182 2 0
382 621 4 1
163 988 1 0
94 251 0 4
432 486 3 1
148 42 0 4
111 823 4 3
584 413 1 1
746 864 3 3
200 929 1 4
510 672 1 3
465 536 1 0
796 74 2 0
656 505 4 2
251 899 4 3
686 807 3 2
17
407 538 0 1
668 819 0 3
559 672 1 3
19 363 0 4
89 743 1 2
431 895 3 4
613 128 0 3
618 840 2 2
831 883 0 3
862 991 4 0
549 548 4 0
570 275 0 3
318 170 1 0
10 399 0 3
981 200 2 1
950 521 3 0
546 261 3 0
7
133 251 1 4
990 212 2 4
248 644 0 0
395 305 2 0
256 168 2 1
494 143 1 1
297 650 3 0
94
933 410 3 3
629 925 2 4
497 958 1 4
540 848 3 0
82 727 1 0
926 186 3 1
798 437 1 3
914 628 0 0
600 811 2 0
779 500 1 0
165 538 3 1
129 443 3 2
732 887 1 0
572 661 3 2
120 432 0 3
845 818 1 1
243 597 4 2
746 209 3 2
712 705 0 4
710 156 2 3
485 535 2 3
907 543 2 0
483 73 3 4
837 546 0 3
108 875 0 2
388 750 0 1
120 534 0 0
989 956 4 1
460 737 3 3
982 353 3 3
1000 906 2 0
812 166 4 4
178 538 1 1
483 195 3 2
428 543 3 0
273 603 2 3
55 371 3 0
287 155 1 1
747 481 0 1
941 869 2 2
644 943 0 3
113 377 2 2
234 135 1 0
156 26 3 4
453 184 0 4
609 422 3 0
555 682 1 2
131 552 2 2
864 167 3 3
785 976 0 0
41 140 3 3
769 697 2 0
629 439 2 4
735 291 2 3
896 114 4 4
471 127 0 3
869 565 2 2
991 608 0 3
703 138 2 4
610 17 1 0
268 490 1 2
354 793 3 4
359 749 4 3
269 787 2 2
360 111 4 4
875 586 2 0
834 845 3 1
73 994 4 3
369 951 0 4
413 306 1 4
494 672 1 3
791 869 1 2
793 16 4 2
808 287 1 1
618 419 2 1
226 885 2 1
668 154 0 0
76 845 0 1
270 367 0 0
816 477 1 3
862 573 4 1
754 215 0 0
620 654 1 0
135 906 0 0
785 191 0 3
24 404 3 1
507 798 3 1
666 619 1 1
366 844 1 4
323 707 1 0
136 956 3 1
274 561 2 0
488 435 2 2
555 6 1 1
43
18 31 2 3
280 727 3 0
183 428 4 3
410 771 3 2
154 102 0 2
116 128 0 3
763 441 0 2
221 705 1 4
153 674 3 1
436 439 0 4
940 497 4 1
663 76 0 0
284 325 1 2
282 574 3 3
843 516 3 4
673 423 0 1
597 925 2 4
353 477 3 3
856 76 4 0
200 778 1 2
230 761 1 4
405 554 2 4
311 334 0 2
594 516 0 4
108 459 0 1
214 760 1 1
894 264 0 0
967 3 4 2
477 38 3 1
940 482 4 1
188 690 4 0
857 553 3 0
346 735 1 2
660 118 0 1
980 455 2 2
692 206 3 0
205 782 1 0
969 131 0 2
775 731 3 2
318 322 1 4
987 707 1 0
995 869 3 2
685 68 1 2
90
569 331 1 3
899 307 3 3
86 500 0 0
706 290 0 4
846 869 0 2
906 516 0 4
724 79 2 3
384 570 3 0
987 156 1 3
503 371 3 0
312 360 1 4
27 93 4 2
373 228 1 0
5 904 2 0
202 493 1 3
760 804 1 2
634 435 2 2
470 522 0 4
15 558 4 4
551 664 0 1
355 363 0 4
352 654 3 0
565 444 2 0
572 438 3 3
532 790 4 2
362 361 4 4
27 444 4 0
482 883 1 3
681 505 4 2
141 448 1 2
804 18 2 2
744 401 4 4
169 905 3 3
716 159 0 4
98 174 0 0
382 144 4 0
388 560 0 0
70 110 2 0
924 673 0 0
822 173 1 3
766 256 4 2
201 893 2 1
234 152 1 0
213 445 1 0
827 174 4 0
822 561 1 0
357 208 0 0
121 170 2 0
475 832 4 4
81 548 2 0
874 672 0 3
34 85 4 4
357 247 0 4
952 392 2 0
917 745 4 1
226 233 2 0
453 277 0 2
697 260 0 4
912 976 4 0
671 454 4 3
439 512 4 4
942 829 4 4
603 979 3 2
374 804 1 2
883 45 3 4
985 574 1 3
11 647 2 4
343 547 0 2
945 797 2 0
834 120 3 0
253 712 4 0
797 409 0 0
796 754 2 0
206 74 0 0
49 945 2 2
972 451 3 1
777 394 3 3
911 169 4 3
593 623 3 3
411 97 4 2
14 875 4 2
376 896 4 4
601 705 2 4
522 662 4 2
669 805 1 2
287 593 1 3
150 58 0 1
82 94 1 0
264 747 0 0
116 466 0 4
8
85 601 4 2
382 452 4 4
761 134 4 2
929 979 4 2
744 797 4 0
247 40 4 1
294 570 2 0
584 120 1 0
16
174 331 0 3
165 75 3 2
277 129 2 3
390 427 0 2
462 838 3 1
293 923 2 1
526 921 0 0
124 418 0 4
482 373 1 1
605 408 4 0
71 137 0 4
325 122 2 3
983 970 0 4
333 4 2 3
811 768 0 1
989 483 4 3
34
293 348 2 1
789 279 2 2
730 168 1 1
431 132 3 4
828 30 0 0
38 954 1 4
899 855 3 1
666 961 1 1
92 48 4 2
804 862 2 4
476 28 2 3
273 198 2 1
884 528 1 0
886 343 2 0
765 962 2 3
563 354 1 3
65 119 2 1
364 728 1 2
176 600 3 2
714 232 2 4
348 536 1 0
937 827 3 4
980 45 2 4
442 108 2 0
821 88 3 3
993 303 0 3
463 682 4 2
825 165 1 3
131 381 2 2
123 609 2 3
627 181 3 3
325 531 2 4
249 585 0 0
215 878 0 3
92
106 505 2 2
847 363 4 4
982 416 3 2
780 96 1 2
337 23 2 4
143 62 1 4
858 170 3 0
902 998 3 2
877 998 2 2
593 507 3 3
114 20 4 0
335 637 1 0
937 645 3 1
508 883 4 3
127 247 3 4
387 639 1 0
610 718 1 0
148 940 0 4
830 238 3 3
507 338 3 0
985 188 1 4
957 18 3 2
617 700 0 2
951 765 4 2
728 548 2 0
437 334 3 2
881 744 2 4
307 408 3 0
450 287 0 1
723 170 2 0
629 203 2 4
324 280 4 3
381 198 2 1
172 987 4 1
410 383 3 1
402 912 0 4
816 540 1 3
234 317 1 4
26 746 4 3
254 711 3 3
135 999 0 4
877 930 2 1
158 873 2 3
42 568 4 4
68 991 2 0
452 939 4 1
255 389 4 4
733 669 2 1
109 917 2 4
274 476 2 2
910 616 4 1
822 844 1 4
355 5 0 2
195 564 2 2
633 104 2 1
166 970 4 4
894 972 0 3
942 690 4 0
663 99 0 2
41 937 3 3
771 369 2 0
122 561 3 0
96 657 2 2
834 381 3 2
688 255 0 4
146 148 3 0
399 877 3 2
675 250 4 1
988 209 0 2
459 530 1 0
274 483 2 3
533 968 2 3
361 221 4 1
971 402 4 0
646 755 4 2
570 407 0 0
508 473 4 4
209 704 2 1
661 964 2 1
679 491 1 2
97 537 2 3
121 886 2 2
321 49 2 2
85 824 4 0
697 470 0 0
775 235 3 1
912 207 4 0
341 222 3 0
85 775 4 3
784 15 3 4
448 996 2 2
858 605 3 4
72
932 766 4 4
252 417 3 0
745 440 1 4
146 172 3 4
53 370 2 3
222 496 0 1
905 984 3 3
944 124 2 0
887 698 0 1
739 816 0 1
903 275 0 3
319 693 3 4
6 746 1 3
924 296 0 4
891 405 3 2
913 120 3 0
180 828 1 0
889 513 1 4
301 801 3 4
15 669 4 1
400 282 1 3
385 647 1 4
256 720 2 4
887 507 0 3
983 176 0 3
511 933 3 3
560 340 0 2
345 636 4 0
575 773 2 2
773 659 2 4
220 294 0 2
317 284 4 1
134 344 2 2
780 625 1 0
52 390 3 0
198 489 1 0
727 268 0 1
841 563 1 1
563 169 1 3
601 113 2 2
52 398 3 0
578 308 4 3
29 914 2 0
382 192 4 3
12 699 3 4
478 900 2 4
402 683 0 3
213 513 1 4
254 685 3 1
280 629 3 2
673 962 0 3
74 786 0 0
220 325 0 2
612 63 3 2
117 879 4 1
522 315 4 4
97 711 2 3
312 641 1 3
139 50 3 1
571 837 3 0
587 131 3 2
652 673 1 0
210 751 3 0
399 516 3 4
233 847 0 4
674 272 1 0
177 571 4 3
321 22 2 4
748 856 0 4
374 672 1 3
907 237 2 4
365 931 3 0
81
512 462 4 3
295 14 3 4
200 132 1 4
949 454 1 3
350 66 1 3
316 15 4 4
901 61 3 2
335 297 1 3
67 125 4 0
502 279 1 2
779 453 1 0
528 684 0 4
953 273 2 2
506 649 4 3
673 255 0 4
615 235 0 1
92 591 4 1
283 889 2 1
608 292 3 2
413 739 1 0
770 108 1 0
513 229 4 4
947 612 4 3
528 27 0 4
68 653 2 1
501 415 2 4
735 947 2 4
548 582 0 3
588 539 3 4
384 89 3 1
469 532 3 4
449 536 4 0
103 695 0 4
273 544 2 4
413 297 1 3
842 844 4 4
442 871 2 1
382 169 4 3
539 760 4 1
1 732 3 1
247 790 4 2
71 103 0 0
68 534 2 0
446 752 1 1
375 800 3 2
936 946 3 4
319 488 3 2
479 84 3 0
854 594 4 0
52 880 3 0
661 205 2 1
287 455 1 2
587 342 3 4
277 575 2 2
122 237 3 4
736 94 1 0
431 92 3 4
681 184 4 4
396 372 1 3
738 733 0 2
363 362 4 4
571 702 3 4
193 543 1 0
28 597 3 2
348 133 1 1
18 404 2 1
259 69 4 2
631 118 2 1
464 173 2 3
978 442 4 2
652 302 1 1
704 679 1 1
760 740 1 2
270 721 0 2
20 679 0 1
293 736 2 1
638 519 2 1
680 337 3 2
192 588 3 3
372 14 3 4
806 987 2 1
39
625 362 0 4
124 177 0 4
351 446 1 1
608 650 3 0
567 318 3 1
665 614 3 4
57 959 4 4
49 651 2 3
875 224 2 2
420 353 3 3
279 131 2 2
202 521 1 0
736 824 1 0
124 963 0 3
651 207 3 0
872 825 1 1
947 839 4 4
80 494 3 1
196 80 0 3
228 825 0 1
345 785 4 0
768 612 1 3
794 783 3 2
312 324 1 4
741 996 3 2
639 140 0 3
364 231 1 3
439 282 4 3
503 149 3 1
379 470 2 0
824 627 0 3
585 315 0 4
413 623 1 3
179 827 0 4
491 707 2 0
908 107 1 3
341 452 3 4
552 408 2 0
644 637 0 0
99
940 808 4 1
123 132 2 4
161 749 3 3
725 51 3 1
121 865 2 3
115 645 4 1
144 545 0 1
767 273 3 2
550 828 2 0
140 178 3 1
173 639 3 0
417 356 0 2
11 815 2 0
570 284 0 1
460 725 3 3
940 105 4 4
480 27 4 4
763 646 0 4
692 277 3 2
130 889 4 1
968 99 3 2
701 469 2 3
116 691 0 1
30 300 0 1
648 147 0 0
227 633 2 2
790 852 2 0
33 641 2 3
710 554 2 4
319 697 3 0
774 839 1 4
497 483 1 3
428 208 3 0
510 250 1 1
306 776 4 2
649 573 3 1
308 168 3 1
313 249 0 0
376 872 4 1
981 230 2 1
491 62 2 4
472 691 2 1
156 973 3 1
732 110 1 0
671 130 4 4
166 660 4 0
873 72 3 1
318 694 1 1
363 667 4 2
466 876 4 3
581 433 1 1
574 236 3 4
608 701 3 2
570 27 0 4
615 445 0 0
703 460 2 3
507 803 3 3
503 958 3 4
234 104 1 1
392 7 0 2
668 404 0 1
5 559 2 1
321 651 2 3
858 679 3 1
90 625 3 0
745 88 1 3
162 846 0 0
726 224 2 2
665 181 3 3
347 272 4 0
814 982 4 3
537 729 3 1
893 179 1 0
484 972 0 3
300 232 1 4
465 424 1 2
342 43 4 2
446 406 1 0
131 963 2 3
638 201 2 2
645 22 1 4
689 194 1 1
38 674 1 1
460 999 3 4
715 660 0 0
329 467 3 2
47 639 1 0
534 817 0 1
221 797 1 0
666 538 1 1
439 665 4 3
450 190 0 1
724 812 2 4
247 7 4 2
361 198 4 1
240 321 4 2
191 501 3 2
700 893 2 1
124 433 0 1
27
285 345 2 4
560 697 0 0
554 512 4 4
581 770 1 1
825 607 1 3
802 671 3 4
780 773 1 2
47 79 1 3
612 56 3 0
59 906 4 0
604 961 2 1
895 796 4 2
769 925 2 4
570 303 0 3
494 536 1 0
895 67 4 4
636 640 0 4
171 85 2 4
351 699 1 4
706 378 0 0
43 446 2 1
617 726 0 2
453 484 0 0
894 629 0 2
342 943 4 3
971 380 4 2
834 742 3 4
57
781 535 3 3
794 762 3 0
718 425 0 4
222 920 0 2
533 690 2 0
251 953 4 2
162 791 0 1
678 563 4 1
305 541 0 3
175 332 2 1
322 466 4 4
559 826 1 2
999 449 4 4
980 793 2 4
265 157 2 0
243 835 4 2
911 662 4 2
116 81 0 2
357 386 0 2
875 896 2 4
389 586 4 0
984 591 3 1
52 61 3 2
764 492 1 0
867 971 2 4
542 311 1 0
480 471 4 0
625 319 0 3
681 776 4 2
108 696 0 2
925 57 4 4
959 117 4 4
559 595 1 1
540 98 3 0
191 964 3 1
553 259 0 4
727 185 0 3
81 432 2 3
559 207 1 0
705 490 4 2
901 215 3 0
550 295 2 3
557 368 3 1
225 209 3 2
624 231 0 3
635 428 0 3
260 961 4 1
163 886 1 2
344 569 2 1
201 634 2 2
690 540 0 3
942 29 4 2
31 882 3 2
26 393 4 1
295 175 3 2
74 951 0 4
242 559 1 1
23
351 771 1 2
305 104 0 1
660 39 0 3
234 93 1 2
99 954 2 4
466 868 4 1
49 7 2 2
788 277 0 2
788 865 0 3
654 317 0 4
370 554 3 4
793 921 4 0
894 903 0 0
138 945 4 2
193 863 1 1
567 475 3 4
556 335 0 1
221 955 1 1
124 331 0 3
390 653 0 1
198 826 1 2
504 143 0 1
162 214 0 1
71
205 261 1 0
407 958 0 4
90 814 3 4
964 18 1 2
551 314 0 3
541 852 3 0
140 794 3 3
39 609 3 3
969 594 0 0
245 721 3 2
991 581 0 1
743 910 2 4
135 116 0 0
258 407 4 0
735 341 2 3
244 626 4 1
957 208 3 0
826 984 2 3
121 917 2 4
32 737 3 3
635 369 0 0
99 881 2 2
214 832 1 4
415 275 4 3
968 548 3 0
673 137 0 4
790 123 2 2
424 22 2 4
577 423 3 1
956 506 1 4
527 622 0 0
595 781 1 3
664 202 1 1
612 495 3 4
958 171 4 2
58 683 1 3
863 120 1 0
391 84 4 0
11 413 2 1
450 904 0 0
236 614 4 4
22 681 4 4
582 946 3 4
321 130 2 4
629 59 2 4
430 39 0 3
245 945 3 2
71 301 0 3
203 78 4 0
578 360 4 4
790 348 2 1
574 35 3 4
528 843 0 3
131 98 2 0
447 271 0 0
228 524 0 2
170 949 0 1
882 381 2 2
778 854 2 4
254 791 3 1
688 53 0 2
762 584 0 1
637 586 0 0
612 478 3 2
177 369 4 0
56 951 0 4
27 509 4 4
545 158 1 2
434 589 2 4
660 375 0 3
374 304 1 0
81
804 142 2 3
197 456 4 3
568 15 4 4
876 300 3 1
312 277 1 2
616 317 1 4
458 905 1 3
29 831 2 0
125 623 0 3
142 674 3 1
712 547 0 2
32 439 3 4
647 144 4 0
147 335 0 1
143 972 1 3
14 327 4 0
755 715 2 0
41 315 3 4
575 151 2 3
278 350 0 1
817 385 1 1
241 99 1 2
880 679 0 1
231 356 3 2
21 1 0 3
18 700 2 2
718 673 0 0
370 91 3 3
273 631 2 2
152 358 0 1
702 110 4 0
164 88 0 3
805 767 2 3
494 505 1 2
206 479 0 3
697 152 0 0
767 352 3 3
523 576 1 1
320 817 4 1
506 117 4 4
346 259 1 4
945 554 2 4
590 353 0 3
119 17 1 0
539 330 4 3
897 766 1 4
343 47 0 1
53 200 2 1
326 699 2 4
263 964 3 1
361 596 4 0
17 415 0 4
461 189 1 1
819 216 3 4
92 165 4 3
979 857 2 3
665 128 3 3
798 536 1 0
453 487 0 2
460 126 3 3
878 414 3 1
641 258 3 4
663 699 0 4
191 315 3 4
67 750 4 1
393 729 1 1
971 425 4 4
123 39 2 3
831 677 0 3
149 543 1 0
489 494 0 1
654 921 0 0
469 716 3 0
685 594 1 0
892 504 0 0
323 861 1 2
368 287 1 1
213 592 1 4
794 950 3 3
277 358 2 1
151 330 3 3
42
788 313 0 0
554 641 4 3
818 738 1 0
540 228 3 0
201 627 2 3
168 936 1 3
875 994 2 3
53 243 2 4
675 786 4 0
214 169 1 3
42 28 4 3
73 816 4 1
411 732 4 1
412 363 3 4
148 38 0 1
572 94 3 0
137 463 4 4
483 561 3 0
223 792 3 0
173 637 3 0
425 597 4 2
279 827 2 4
811 4 0 3
389 468 4 3
937 841 3 1
199 547 2 2
858 607 3 3
271 535 0 3
639 824 0 0
697 548 0 0
738 533 0 2
263 329 3 3
548 185 0 3
720 541 4 3
935 575 1 2
29 875 2 2
749 565 3 2
800 988 2 0
355 664 0 1
921 947 0 4
294 230 2 1
542 963 1 3
99
627 390 3 0
285 719 2 2
467 490 2 2
446 131 1 2
215 224 0 2
357 297 0 3
610 606 1 4
43 640 2 4
251 495 4 4
258 239 4 1
405 629 2 2
952 202 2 1
857 580 3 3
629 311 2 0
885 615 1 0
431 265 3 2
566 169 1 3
463 952 4 2
609 961 3 1
884 139 1 3
920 427 2 2
294 196 2 0
56 167 0 3
501 702 2 4
110 25 0 0
944 437 2 3
530 588 0 3
769 625 2 0
707 283 0 2
285 897 2 1
770 510 1 1
433 704 1 1
331 77 3 2
96 791 2 1
350 804 1 2
562 495 1 4
940 963 4 3
903 472 0 2
869 113 2 2
137 195 4 2
870 813 4 0
142 473 3 4
831 600 0 2
652 414 1 1
195 730 2 1
216 278 4 0
449 351 4 1
511 762 3 0
239 566 1 1
397 230 2 1
462 902 3 3
764 986 1 3
920 645 2 1
836 883 1 3
582 615 3 0
233 134 0 2
302 375 1 3
522 424 4 2
530 301 0 3
342 141 4 1
212 660 4 0
1 787 3 2
181 535 3 3
268 682 1 2
885 543 1 0
298 994 2 3
60 619 1 1
22 201 4 2
583 213 1 1
834 151 3 3
982 5 3 2
811 96 0 2
859 380 0 2
96 662 2 2
957 63 3 2
281 416 2 2
826 422 2 0
789 980 2 2
707 624 0 0
995 772 3 4
441 605 2 4
610 447 1 0
677 672 3 3
780 351 1 1
285 174 2 0
373 586 1 0
731 135 2 0
881 703 2 2
927 264 4 0
292 791 2 1
301 979 3 2
171 510 2 1
337 124 2 0
223 156 3 3
447 288 0 2
426 533 1 2
735 964 2 1
2 369 1 0
893 23 1 4
57
240 271 4 0
437 920 3 2
950 823 3 3
186 577 1 3
31 248 3 0
975 160 0 1
119 822 1 1
667 566 2 1
56 430 0 0
137 724 4 2
217 220 4 0
186 396 1 1
936 644 3 0
175 357 2 0
868 536 1 0
718 420 0 3
185 344 3 2
502 103 1 0
880 615 0 0
248 30 0 0
738 554 0 4
980 475 2 4
66 84 3 0
637 448 0 2
244 524 4 2
738 407 0 0
678 960 4 2
194 284 1 1
33 139 2 3
579 655 0 2
916 865 2 3
920 894 2 0
853 188 4 4
220 728 0 2
780 623 1 3
247 11 4 2
31 903 3 0
756 607 2 3
628 250 0 1
524 468 2 3
334 167 2 3
731 189 2 1
966 125 4 0
748 424 0 2
197 832 4 4
300 69 1 2
852 734 0 4
56 892 0 0
873 511 3 3
820 532 2 4
798 531 1 4
42 30 4 0
975 413 0 1
3 1000 2 2
496 325 1 2
532 885 4 1
185 388 3 0
58
937 823 3 3
816 541 1 3
931 560 0 0
823 422 3 0
747 34 0 4
545 173 1 3
491 360 2 4
134 962 2 3
137 578 4 4
990 869 2 2
890 360 0 4
623 876 3 3
315 108 4 0
121 401 2 4
297 401 3 4
734 771 4 2
272 683 0 3
293 23 2 4
153 212 3 4
509 796 4 2
52 280 3 3
614 864 4 3
789 342 2 4
900 241 4 1
563 20 1 0
77 204 2 1
243 670 4 2
258 652 4 1
627 642 3 4
338 279 0 2
51 963 1 3
401 307 4 3
598 927 2 4
79 744 3 4
189 423 1 1
693 954 4 4
197 580 4 3
147 886 0 2
255 792 4 0
293 134 2 2
413 184 1 4
964 131 1 2
829 372 4 3
920 406 2 0
302 839 1 4
75 475 2 4
454 418 3 4
89 26 1 4
486 1000 1 2
644 731 0 2
437 909 3 4
435 837 2 0
385 240 1 4
610 460 1 3
733 626 2 1
358 741 1 3
28 609 3 3
783 263 2 3
31
790 591 2 1
239 341 1 3
232 937 4 3
351 912 1 4
842 963 4 3
245 237 3 4
336 254 4 3
284 92 1 4
713 428 3 3
625 533 0 2
185 729 3 1
20 147 0 0
662 81 2 2
505 20 2 0
597 97 2 2
34 892 4 0
105 354 4 3
235 510 1 1
487 905 2 3
457 668 0 0
320 450 4 0
32 662 3 2
92 946 4 4
999 846 4 0
15 459 4 1
442 260 2 4
275 410 3 3
780 110 1 0
610 844 1 4
607 479 3 3
734 879 4 1
89
328 600 3 2
870 597 4 2
893 169 1 3
460 316 3 4
126 175 3 2
850 214 1 1
173 344 3 2
483 201 3 2
671 508 4 4
124 867 0 2
811 842 0 4
457 439 0 4
520 66 3 3
275 515 3 1
628 146 0 3
206 42 0 4
758 671 0 4
486 59 1 4
981 554 2 4
841 820 1 2
610 852 1 0
79 220 3 0
39 663 3 0
839 956 4 1
315 499 4 2
20 209 0 2
950 658 3 1
868 946 1 4
647 425 4 4
1000 208 2 0
133 875 1 2
511 726 3 2
553 267 0 3
94 758 0 0
19 270 0 0
578 862 4 4
516 10 4 0
222 501 0 2
280 759 3 3
144 854 0 4
718 545 0 1
549 584 4 1
968 639 3 0
741 111 3 4
509 515 4 1
385 675 1 4
166 806 4 2
513 74 4 0
158 87 2 0
978 157 4 0
354 640 3 4
421 44 4 1
255 862 4 4
514 143 3 1
339 435 3 2
811 362 0 4
900 273 4 2
269 627 2 3
373 700 1 2
1 739 3 0
671 901 4 3
754 263 0 3
132 15 4 4
38 947 1 4
615 328 0 3
239 954 1 4
215 798 0 1
604 860 2 0
537 723 3 2
192 939 3 1
269 726 2 2
756 892 2 0
585 199 0 2
312 31 1 3
210 871 3 1
564 979 2 2
634 386 2 2
77 122 2 3
187 546 4 3
524 467 2 2
857 73 3 4
432 562 3 1
269 611 2 1
131 720 2 4
677 157 3 0
474 72 2 1
153 598 3 2
806 856 2 4
257 456 3 3
86
992 187 1 4
499 130 2 4
114 464 4 2
655 896 2 4
381 374 2 1
379 364 2 1
320 96 4 2
879 377 1 2
768 129 1 3
970 720 4 4
862 471 4 0
393 302 1 1
896 4 4 3
165 919 3 1
130 233 4 0
439 755 4 2
369 843 0 3
11 198 2 1
580 663 3 0
462 902 3 3
191 201 3 2
174 45 0 4
605 624 4 0
765 367 2 0
305 990 0 2
488 621 2 1
921 931 0 0
274 263 2 3
272 121 0 2
832 857 4 3
287 515 1 1
553 84 0 0
943 526 3 0
532 933 4 3
197 985 4 1
910 683 4 3
322 241 4 1
150 66 0 3
950 773 3 2
751 820 0 2
17 753 0 1
370 407 3 0
749 582 3 3
373 978 1 4
419 797 1 0
11 993 2 0
457 852 0 0
577 488 3 2
69 650 2 0
587 603 3 3
145 556 4 0
209 892 2 0
147 466 0 4
801 590 4 0
943 339 3 3
986 118 3 1
171 333 2 2
986 170 3 0
535 674 3 1
861 914 2 0
607 388 3 0
586 738 0 0
966 632 4 4
187 689 4 1
744 624 4 0
474 532 2 4
157 459 0 1
347 236 4 4
541 255 3 4
978 950 4 3
652 295 1 3
76 399 0 3
573 610 1 1
641 668 3 0
430 475 0 4
125 953 0 2
185 154 3 0
481 331 1 3
692 157 3 0
292 318 2 1
622 20 0 0
747 41 0 3
192 879 3 1
877 845 2 1
572 222 3 0
522 835 4 2
39
351 600 1 2
819 983 3 0
962 809 3 1
872 269 1 2
1 636 3 0
784 620 3 1
19 582 0 3
802 568 3 4
928 53 4 2
672 667 3 2
606 553 4 0
572 325 3 2
497 983 1 0
39 924 3 0
658 876 1 3
12 828 3 0
838 178 1 1
12 500 3 0
575 74 2 0
698 789 1 2
504 38 0 1
54 711 3 3
602 961 0 1
111 969 4 0
508 230 4 1
113 453 2 0
951 522 4 4
383 238 1 3
855 855 1 1
474 302 2 1
77 517 2 3
535 105 3 4
537 783 3 2
366 232 1 4
733 400 2 1
542 114 1 4
965 104 1 1
39 110 3 0
779 983 1 0
23
637 391 0 4
76 22 0 4
815 707 0 0
914 238 0 3
741 924 3 0
560 737 0 3
743 636 2 0
51 430 1 0
41 709 3 0
27 614 4 4
750 608 1 3
31 705 3 4
913 12 3 3
245 758 3 0
156 146 3 3
578 175 4 2
832 572 4 3
546 234 3 1
935 118 1 1
989 484 4 0
561 172 0 4
247 393 4 1
681 739 4 0
64
7 291 2 3
181 985 3 1
328 604 3 2
980 499 2 2
101 46 4 0
807 858 2 3
671 607 4 3
946 800 4 2
793 309 4 1
623 461 3 1
762 176 0 3
907 263 2 3
615 19 0 0
268 711 1 3
805 409 2 0
382 100 4 0
676 312 4 1
853 806 4 2
559 837 1 0
324 57 4 4
719 204 2 1
676 859 4 0
663 521 0 0
584 596 1 0
27 568 4 4
13 193 3 1
442 85 2 4
727 101 0 4
482 505 1 2
727 757 0 2
682 26 2 4
937 454 3 3
186 974 1 4
881 166 2 4
7 28 2 3
21 115 0 4
108 423 0 1
582 923 3 1
322 431 4 3
544 874 4 0
591 254 1 3
385 986 1 3
501 828 2 0
174 930 0 1
401 959 4 4
385 653 1 1
660 810 0 3
479 85 3 4
366 33 1 2
270 380 0 2
38 694 1 1
931 759 0 3
254 419 3 1
105 904 4 0
99 613 2 0
62 454 4 3
451 234 1 1
383 731 1 2
703 759 2 3
492 89 0 1
80 560 3 0
870 970 4 4
734 76 4 0
445 820 0 2
10
979 734 2 4
125 517 0 3
152 738 0 0
912 851 4 0
965 514 1 3
75 583 2 1
104 93 1 2
588 449 3 4
904 900 0 4
208 765 0 2
94
605 192 4 3
971 848 4 0
195 521 2 0
884 811 1 0
71 62 0 4
900 659 4 4
272 828 0 0
859 92 0 4
365 986 3 3
765 441 2 2
571 451 3 1
297 58 3 1
331 497 3 1
479 749 3 3
346 727 1 0
346 580 1 3
780 635 1 0
854 747 4 0
291 550 3 2
451 213 1 1
497 49 1 2
55 770 3 1
109 895 2 4
121 919 2 1
457 721 0 2
321 906 2 0
18 850 2 1
94 504 0 0
330 879 3 1
264 716 0 0
352 746 3 3
964 678 1 4
622 564 0 2
845 374 1 1
370 796 3 2
815 172 0 4
22 209 4 2
558 734 4 4
659 303 4 3
838 317 1 4
338 618 0 2
900 220 4 0
675 628 4 0
353 141 3 1
574 556 3 0
863 90 1 3
407 142 0 3
476 37 2 0
159 592 4 4
524 989 2 4
989 520 4 3
291 77 3 2
675 824 4 0
791 979 1 2
389 523 4 1
675 946 4 4
868 855 1 1
809 516 1 4
401 351 4 1
551 183 0 4
949 99 1 2
794 346 3 1
309 46 1 0
552 717 2 1
387 668 1 0
359 379 4 2
119 214 1 1
515 325 1 2
508 28 4 3
565 699 2 4
215 613 0 0
343 649 0 3
299 158 1 2
899 477 3 3
904 581 0 1
43 353 2 3
905 40 3 1
924 745 0 1
660 495 0 4
300 826 1 2
21 43 0 2
730 908 1 1
332 993 1 0
804 974 2 4
741 631 3 2
163 509 1 4
758 882 0 2
980 272 2 0
26 794 4 3
216 675 4 4
996 618 2 2
978 54 4 3
688 735 0 2
744 498 4 4
82
485 227 2 2
839 410 4 3
697 305 0 0
885 640 1 4
718 186 0 1
525 522 0 4
175 359 2 4
682 412 2 3
142 918 3 2
690 414 0 1
111 202 4 1
659 233 4 0
356 200 2 1
756 252 2 3
805 196 2 0
137 403 4 4
595 74 1 0
290 951 4 4
26 424 4 2
425 152 4 0
809 336 1 4
598 350 2 1
983 260 0 4
592 879 4 1
572 506 3 4
618 499 2 2
377 71 2 0
984 580 3 3
669 560 1 0
469 537 3 3
156 683 3 3
163 90 1 3
22 268 4 1
845 901 1 3
2 723 1 2
268 439 1 4
549 315 4 4
860 470 0 0
731 190 2 1
371 379 0 2
257 596 3 0
302 949 1 1
340 434 2 2
871 992 1 1
985 998 1 2
702 85 4 4
10 345 0 4
963 595 3 1
770 254 1 3
534 819 0 3
525 527 0 0
627 737 3 3
847 206 4 0
29 110 2 0
968 513 3 4
126 507 3 3
960 927 2 4
608 904 3 0
557 263 3 3
451 210 1 3
93 791 2 1
84 466 0 4
562 410 1 3
294 882 2 2
66 147 3 0
639 147 0 0
192 718 3 0
577 307 3 3
723 614 2 4
116 154 0 0
848 561 0 0
445 779 0 1
110 695 0 4
653 71 1 0
270 537 0 3
713 452 3 4
661 215 2 0
569 541 1 3
408 154 0 0
974 348 4 1
771 264 2 0
925 795 4 4
37
493 243 3 4
399 252 3 3
822 580 1 3
661 825 2 1
897 29 1 2
223 967 3 4
257 905 3 3
407 525 0 0
38 75 1 2
396 813 1 0
729 578 1 4
346 848 1 0
645 330 1 3
36 713 0 3
808 532 1 4
740 435 2 2
129 820 3 2
867 239 2 1
995 307 3 3
357 549 0 4
295 921 3 0
603 463 3 4
721 96 2 2
108 829 0 4
177 680 4 3
813 768 0 1
634 458 2 1
805 895 2 4
151 956 3 1
622 479 0 3
120 144 0 0
741 619 3 1
92 745 4 1
475 456 4 3
689 611 1 1
76 730 0 1
214 685 1 1
91
817 266 1 2
206 257 0 3
938 862 0 4
177 308 4 3
611 373 1 1
119 905 1 3
383 868 1 1
584 246 1 4
26 395 4 2
701 785 2 0
194 115 1 4
757 217 2 4
738 626 0 1
129 886 3 2
204 106 1 2
998 877 2 2
121 521 2 0
791 476 1 2
360 105 4 4
125 324 0 4
50 182 1 0
412 868 3 1
862 72 4 1
626 185 1 3
686 78 3 0
567 811 3 0
676 851 4 0
588 995 3 3
874 805 0 2
202 705 1 4
549 55 4 3
663 467 0 2
405 145 2 4
903 351 0 1
164 126 0 3
285 641 2 3
304 387 0 1
21 776 0 2
47 887 1 0
351 2 1 1
806 301 2 3
74 888 0 3
598 358 2 1
363 757 4 2
179 140 0 3
264 991 0 0
498 594 4 0
989 976 4 0
127 471 3 0
890 167 0 3
856 385 4 1
183 31 4 3
466 869 4 2
229 737 4 3
814 125 4 0
443 77 2 2
327 491 0 2
969 132 0 4
898 658 2 1
437 993 3 0
218 683 3 3
200 998 1 2
496 909 1 4
867 818 2 1
228 982 0 3
547 232 2 4
682 350 2 1
454 587 3 3
803 659 3 4
841 621 1 1
183 502 4 1
713 559 3 1
100 828 0 0
850 955 1 1
646 873 4 3
206 5 0 2
731 863 2 1
997 280 4 3
737 933 3 3
990 212 2 4
423 459 1 1
96 445 2 0
933 881 3 2
615 728 0 2
481 334 1 2
854 966 4 4
358 814 1 4
325 803 2 3
34 109 4 2
255 1000 4 2
629 33 2 2
38
404 370 1 3
628 13 0 3
929 251 4 4
358 361 1 4
315 461 4 1
425 747 4 0
3 565 2 2
662 221 2 1
474 221 2 1
549 350 4 1
417 112 0 4
545 172 1 4
477 685 3 1
770 214 1 1
648 571 0 3
276 624 0 0
202 922 1 4
93 299 2 1
607 345 3 4
996 224 2 2
514 866 3 1
781 377 3 2
863 646 1 4
361 797 4 0
693 446 4 1
314 22 3 4
738 351 0 1
435 929 2 4
265 841 2 1
174 281 0 2
911 148 4 0
552 423 2 1
196 344 0 2
335 778 1 2
644 560 0 0
307 472 3 2
477 233 3 0
218 806 3 2
85
700 358 2 1
98 318 0 1
590 513 0 4
802 997 3 4
609 777 3 3
96 124 2 0
865 430 3 0
141 9 1 3
701 775 2 3
919 709 1 0
703 205 2 1
728 469 2 3
930 976 1 0
708 592 0 4
423 765 1 2
647 483 4 3
940 513 4 4
200 296 1 4
658 719 1 2
174 573 0 1
601 725 2 3
366 137 1 4
314 61 3 2
998 225 2 3
392 591 0 1
489 745 0 1
156 940 3 4
735 766 2 4
516 357 4 0
200 288 1 2
768 634 1 2
278 805 0 2
985 430 1 0
164 935 0 1
549 639 4 0
894 504 0 0
947 988 4 0
254 388 3 0
663 432 0 3
528 93 0 2
347 19 4 0
883 316 3 4
75 567 2 3
333 475 2 4
19 567 0 3
953 503 2 3
655 436 2 0
352 667 3 2
878 465 3 1
449 912 4 4
676 574 4 3
334 536 2 0
187 179 4 0
429 322 0 4
790 618 2 2
215 615 0 0
305 982 0 3
344 899 2 3
264 739 0 0
868 399 1 3
938 499 0 2
499 860 2 0
481 351 1 1
1000 682 2 2
185 247 3 4
220 262 0 3
299 744 1 4
401 818 4 1
790 188 2 4
302 414 1 1
912 624 4 0
471 412 0 3
310 206 4 0
357 585 0 0
622 603 0 3
217 207 4 0
949 475 1 4
160 936 1 3
34 312 4 1
572 174 3 0
86 330 0 3
272 869 0 2
854 976 4 0
677 113 3 2
102 580 2 3
44
444 516 0 4
397 211 2 1
959 326 4 2
286 757 0 2
362 193 4 1
876 456 3 3
23 880 4 0
76 447 0 0
585 5 0 2
251 367 4 0
242 255 1 4
791 905 1 3
753 704 1 1
27 13 4 3
835 761 2 4
768 143 1 1
376 212 4 4
302 625 1 0
46 478 0 2
706 517 0 3
331 719 3 2
937 837 3 0
763 367 0 0
419 153 1 3
242 359 1 4
251 844 4 4
419 689 1 1
307 844 3 4
319 421 3 4
148 404 0 1
362 338 4 0
386 31 2 3
487 525 2 0
926 267 3 3
323 624 1 0
806 728 2 2
399 570 3 0
719 484 2 0
783 479 2 3
546 764 3 1
919 52 1 3
820 185 2 3
278 665 0 3
928 84 4 0
25
715 343 0 0
143 715 1 0
277 864 2 3
74 396 0 1
138 402 4 0
663 371 0 0
802 750 3 1
427 26 2 4
543 745 0 1
281 902 2 3
354 519 3 1
988 549 0 4
495 716 4 0
80 460 3 3
642 939 4 1
510 118 1 1
252 874 3 0
426 793 1 4
998 188 2 4
515 107 1 3
248 6 0 1
863 970 1 4
759 798 3 1
912 984 4 3
569 484 1 0
74
629 294 2 2
668 459 0 1
655 373 2 1
180 822 1 1
836 952 1 2
817 845 1 1
968 61 3 2
390 890 0 0
634 825 2 1
164 487 0 2
896 843 4 3
437 696 3 2
828 539 0 4
577 798 3 1
870 749 4 3
908 36 1 0
56 806 0 2
719 120 2 0
729 665 1 3
499 567 2 3
369 135 0 0
100 245 0 3
931 417 0 0
786 657 0 2
752 971 1 4
922 273 4 2
856 214 4 1
155 678 1 4
812 386 4 2
13 366 3 1
335 359 1 4
492 522 0 4
307 622 3 0
795 868 4 1
935 393 1 1
906 895 0 4
758 763 0 0
298 595 2 1
227 493 2 3
503 75 3 2
856 270 4 0
572 485 3 2
638 271 2 0
861 317 2 4
935 232 1 4
549 254 4 3
15 306 4 4
592 855 4 1
305 914 0 0
51 485 1 2
222 959 0 4
112 362 4 4
96 448 2 2
477 906 3 0
412 421 3 4
972 390 3 0
534 456 0 3
397 864 2 3
559 431 1 3
383 969 1 0
657 746 2 3
325 794 2 3
939 83 1 2
853 597 4 2
911 423 4 1
69 775 2 3
1 639 3 0
231 884 3 1
939 395 1 2
243 535 4 3
35 596 4 0
906 973 0 1
70 124 2 0
248 61 0 2
96
397 948 2 3
550 886 2 2
186 114 1 4
677 462 3 3
406 639 0 0
641 857 3 3
487 588 2 3
492 940 0 4
262 683 3 3
113 266 2 2
542 918 1 2
629 659 2 4
399 680 3 3
548 179 0 0
166 787 4 2
456 358 3 1
371 568 0 4
40 481 1 1
302 798 1 1
875 204 2 1
294 609 2 3
959 403 4 4
752 411 1 4
275 28 3 3
256 449 2 4
997 987 4 1
903 652 0 1
448 168 2 1
210 448 3 2
286 578 0 4
914 561 0 0
478 877 2 2
509 217 4 4
955 327 1 0
385 502 1 1
344 105 2 4
64 504 3 0
843 553 3 0
605 472 4 2
925 508 4 4
777 580 3 3
683 624 3 0
377 912 2 4
85 567 4 3
656 158 4 2
993 767 0 3
29 638 2 2
731 735 2 2
769 352 2 3
794 148 3 0
535 486 3 1
930 370 1 3
536 535 0 3
681 342 4 4
810 838 3 1
72 752 1 1
908 185 1 3
665 718 3 0
816 181 1 3
184 99 4 2
118 967 1 4
583 758 1 0
577 429 3 0
33 423 2 1
273 187 2 4
515 892 1 0
268 522 1 4
698 754 1 0
857 579 3 0
109 871 2 1
355 753 0 1
464 340 2 2
182 372 0 3
97 1000 2 2
329 641 3 3
467 288 2 2
96 183 2 4
301 91 3 3
564 420 2 3
327 561 0 0
785 582 0 3
736 155 1 1
925 390 4 0
774 925 1 4
360 919 4 1
995 168 3 1
956 157 1 0
872 725 1 3
522 32 4 3
177 284 4 1
422 527 0 0
268 186 1 1
889 857 1 3
455 129 2 3
409 918 0 2
670 585 2 0
98
988 862 0 4
340 940 2 4
319 361 3 4
464 809 2 1
608 910 3 4
205 74 1 0
886 820 2 2
174 677 0 3
977 987 1 1
476 685 2 1
994 919 3 1
174 750 0 1
369 553 0 0
421 412 4 3
527 628 0 0
700 685 2 1
842 289 4 0
932 863 4 1
671 560 4 0
749 847 3 4
25 732 0 1
225 879 3 1
223 145 3 4
171 611 2 1
636 700 0 2
845 657 1 2
664 31 1 3
151 794 3 3
660 239 0 1
339 633 3 2
51 44 1 1
828 663 0 0
524 933 2 3
375 473 3 4
747 22 0 4
674 135 1 0
183 23 4 4
746 849 3 4
798 618 1 2
801 272 4 0
213 8 1 3
635 294 0 2
556 992 0 1
169 811 3 0
286 221 0 1
303 885 3 1
598 683 2 3
536 763 0 0
77 734 2 4
361 406 4 0
776 103 2 0
3 980 2 2
453 549 0 4
402 787 0 2
462 347 3 4
770 191 1 3
111 739 4 0
522 920 4 2
762 871 0 1
32 827 3 4
346 239 1 1
708 770 0 1
524 780 2 1
721 819 2 3
721 536 2 0
614 530 4 0
312 392 1 0
906 364 0 1
984 976 3 0
230 993 1 0
459 705 1 4
180 52 1 3
7 225 2 3
549 123 4 2
918 255 2 4
761 390 4 0
125 489 0 0
255 262 4 3
281 164 2 0
101 259 4 4
125 943 0 3
249 769 0 2
240 605 4 4
741 400 3 1
484 597 0 2
737 751 3 0
1 215 3 0
227 685 2 1
704 390 1 0
537 731 3 2
596 316 0 4
895 89 4 1
194 974 1 4
980 84 2 0
401 414 4 1
55 80 3 3
412 959 3 4
167 848 3 0
16
448 944 2 2
959 100 4 0
352 57 3 4
666 469 1 3
378 705 0 4
188 471 4 0
941 154 2 0
789 312 2 1
219 255 0 4
192 750 3 1
372 983 3 0
576 440 1 4
406 75 0 2
54 635 3 0
491 724 2 2
201 233 2 0
43
37 955 0 1
852 461 0 1
592 20 4 0
905 157 3 0
692 262 3 3
679 804 1 2
756 76 2 0
990 528 2 0
19 287 0 1
540 525 3 0
804 478 2 2
946 305 4 0
414 865 1 3
814 881 4 2
787 738 2 0
514 622 3 0
298 209 2 2
89 712 1 0
99 523 2 1
914 349 0 0
432 486 3 1
349 965 0 1
355 996 0 2
450 829 0 4
601 281 2 2
193 751 1 0
606 138 4 4
795 658 4 1
387 108 1 0
424 923 2 1
130 6 4 1
530 984 0 3
66 573 3 1
623 413 3 1
965 242 1 1
540 317 3 4
751 561 0 0
164 142 0 3
242 233 1 0
56 361 0 4
316 347 4 4
80 364 3 1
954 121 4 2
55
870 878 4 3
700 230 2 1
47 683 1 3
745 647 1 4
625 401 0 4
378 185 0 3
831 404 0 1
165 971 3 4
849 223 4 3
219 801 0 4
561 742 0 4
127 572 3 3
565 145 2 4
632 822 4 1
777 44 3 1
629 955 2 1
776 851 2 0
684 211 4 1
335 651 1 3
832 291 4 3
86 700 0 2
397 436 2 0
524 306 2 4
952 339 2 3
846 667 0 2
263 503 3 3
747 27 0 4
2 50 1 1
751 699 0 4
677 198 3 1
522 584 4 1
52 97 3 2
373 711 1 3
82 299 1 1
352 782 3 0
269 516 2 4
2 766 1 4
121 179 2 0
38 124 1 0
663 289 0 0
775 399 3 3
746 435 3 2
536 356 0 2
271 758 0 0
698 630 1 1
430 773 0 2
27 73 4 4
321 118 2 1
463 725 4 3
616 804 1 2
870 383 4 1
38 805 1 2
290 67 4 4
19 18 0 2
747 246 0 4
22
287 848 1 0
952 992 2 1
633 276 2 0
735 544 2 4
196 715 0 0
134 671 2 4
799 136 2 3
732 96 1 2
535 869 3 2
185 778 3 2
991 101 0 4
20 397 0 2
641 537 3 3
999 703 4 2
391 925 4 4
44 779 1 1
522 670 4 2
113 572 2 3
972 779 3 1
934 579 0 0
561 221 0 1
63 91 2 3
26
973 533 1 2
581 398 1 0
88 984 3 3
293 658 2 1
721 79 2 3
640 86 4 0
355 79 0 3
256 739 2 0
145 233 4 0
622 263 0 3
69 382 2 4
243 552 4 2
753 286 1 0
299 775 1 3
149 22 1 4
783 697 2 0
253 936 4 3
293 184 2 4
878 148 3 0
45 265 4 2
806 189 2 1
650 423 0 1
221 678 1 4
348 493 1 3
915 795 2 4
366 432 1 3
87
227 553 2 0
282 114 3 4
251 876 4 3
491 390 2 0
959 734 4 4
626 830 1 3
561 218 0 3
290 339 4 3
755 869 2 2
944 151 2 3
393 208 1 0
152 458 0 1
816 852 1 0
351 799 1 2
204 86 1 0
538 11 1 2
37 633 0 2
582 761 3 4
696 243 2 4
305 4 0 3
780 861 1 2
686 850 3 1
323 578 1 4
958 210 4 3
377 755 2 2
537 674 3 1
289 452 0 4
701 303 2 3
890 983 0 0
837 505 0 2
336 419 4 1
2 98 1 0
703 312 2 1
695 364 4 1
843 490 3 2
422 420 0 3
19 680 0 3
680 95 3 1
619 272 1 0
170 679 0 1
609 312 3 1
163 673 1 0
807 795 2 4
849 223 4 3
767 615 3 0
828 973 0 1
221 111 1 4
58 858 1 3
549 594 4 0
362 197 4 4
494 223 1 3
460 209 3 2
447 50 0 1
749 759 3 3
101 96 4 2
608 751 3 0
966 195 4 2
280 586 3 0
960 938 2 0
506 670 4 2
339 601 3 2
271 543 0 0
165 592 3 4
656 735 4 2
356 978 2 4
154 978 0 4
470 276 0 0
896 96 4 2
796 152 2 0
144 455 0 2
909 422 4 0
942 69 4 2
919 190 1 1
860 247 0 4
48 444 2 0
491 33 2 2
442 872 2 1
123 139 2 3
789 744 2 4
518 715 2 0
615 37 0 0
523 765 1 2
511 503 3 3
239 428 1 3
799 942 2 4
654 211 0 1
663 54 0 3
84
765 397 2 2
670 604 2 2
53 306 2 4
901 856 3 4
19 417 0 0
993 884 0 1
756 321 2 2
181 258 3 4
917 882 4 2
831 51 0 1
323 660 1 0
35 411 4 4
105 314 4 3
543 18 0 2
671 630 4 1
957 414 3 1
948 982 3 3
198 308 1 3
281 484 2 0
105 621 4 1
889 203 1 4
560 237 0 4
912 261 4 0
650 655 0 2
998 769 2 2
987 571 1 3
608 658 3 1
277 650 2 0
508 963 4 3
416 289 2 0
239 415 1 4
509 617 4 0
67 279 4 2
725 448 3 2
180 158 1 2
822 668 1 0
880 290 0 4
153 604 3 2
716 744 0 4
180 329 1 3
862 154 4 0
544 757 4 2
359 606 4 4
473 846 4 0
349 182 0 0
607 398 3 0
764 362 1 4
133 206 1 0
769 89 2 1
949 779 1 1
611 823 1 3
894 233 0 0
206 440 0 4
308 324 3 4
685 555 1 1
259 21 4 0
419 82 1 1
95 601 1 2
270 245 0 3
546 822 3 1
801 374 4 1
99 302 2 1
397 31 2 3
391 78 4 0
99 599 2 1
519 633 1 2
376 292 4 2
966 797 4 0
766 963 4 3
317 871 4 1
811 355 0 0
518 537 2 3
191 967 3 4
865 234 3 1
575 610 2 1
309 415 1 4
201 28 2 3
879 445 1 0
716 379 0 2
272 400 0 1
70 261 2 0
486 53 1 2
73 201 4 2
290 948 4 3
14
934 505 0 2
233 680 0 3
419 345 1 4
450 958 0 4
350 753 1 1
763 437 0 3
496 86 1 0
797 649 0 3
85 494 4 1
405 845 2 1
961 331 1 3
888 230 3 1
878 494 3 1
148 769 0 2
37
196 306 0 4
706 934 0 0
154 720 0 4
938 793 0 4
984 307 3 3
508 538 4 1
325 913 2 3
12 757 3 2
128 340 3 2
276 76 0 0
414 915 1 2
781 279 3 2
972 435 3 2
494 759 1 3
858 10 3 0
28 180 3 1
170 500 0 0
895 134 4 2
212 830 4 3
492 808 0 1
696 424 2 2
4 472 3 2
696 768 2 1
200 747 1 0
839 377 4 2
15 590 4 0
121 747 2 0
270 704 0 1
952 523 2 1
795 83 4 2
24 963 3 3
558 833 4 1
280 277 3 2
877 355 2 0
133 968 1 3
754 524 0 2
813 253 0 4
58
940 725 4 3
164 822 0 1
464 416 2 2
215 966 0 4
23 980 4 2
832 750 4 1
608 378 3 0
62 185 4 3
143 642 1 4
387 956 1 1
694 881 1 2
249 233 0 0
208 376 0 4
594 313 0 0
465 90 1 3
263 844 3 4
169 729 3 1
624 800 0 2
711 118 3 1
83 820 2 2
386 771 2 2
664 680 1 3
387 639 1 0
360 811 4 0
558 85 4 4
925 904 4 0
527 977 0 1
533 814 2 4
322 329 4 3
160 691 1 1
218 955 3 1
689 860 1 0
603 665 3 3
538 68 1 2
772 477 4 3
735 998 2 2
235 162 1 0
869 64 2 3
277 418 2 4
403 590 4 0
69 878 2 3
438 64 3 3
225 317 3 4
499 658 2 1
892 315 0 4
782 542 0 1
741 405 3 2
39 255 3 4
631 199 2 2
284 476 1 2
354 82 3 1
457 840 0 2
64 405 3 2
492 130 0 4
713 991 3 0
157 862 0 4
191 503 3 3
114 991 4 0
53
976 593 0 3
919 611 1 1
836 807 1 2
516 469 4 3
259 526 4 0
577 921 3 0
424 194 2 1
782 743 0 2
480 796 4 2
989 218 4 3
768 840 1 2
955 949 1 1
315 937 4 3
926 913 3 3
653 677 1 3
521 163 0 1
494 499 1 2
321 90 2 3
542 712 1 0
979 950 2 3
841 713 1 3
253 228 4 0
272 114 0 4
989 814 4 4
884 269 1 2
946 527 4 0
671 55 4 3
965 748 1 0
97 268 2 1
435 494 2 1
219 218 0 3
946 325 4 2
740 723 2 2
221 734 1 4
630 541 1 3
46 412 0 3
484 220 0 0
792 757 0 2
883 663 3 0
118 427 1 2
825 743 1 2
682 99 2 2
390 355 0 0
318 42 1 4
606 465 4 1
849 715 4 0
951 775 4 3
359 910 4 4
678 943 4 3
647 331 4 3
488 729 2 1
466 259 4 4
159 51 4 1
52
231 308 3 3
524 219 2 0
162 612 0 3
974 35 4 4
233 152 0 0
473 393 4 1
780 701 1 2
996 339 2 3
764 260 1 4
414 378 1 0
123 918 2 2
947 899 4 3
388 408 0 0
770 825 1 1
615 471 0 0
91 361 3 4
279 113 2 2
142 282 3 3
839 960 4 2
694 735 1 2
158 171 2 2
781 866 3 1
452 122 4 3
625 38 0 1
684 710 4 2
476 49 2 2
881 418 2 4
153 180 3 1
429 442 0 2
610 249 1 0
629 183 2 4
999 408 4 0
936 84 3 0
608 621 3 1
790 89 2 1
740 570 2 0
525 825 0 1
586 493 0 3
95 650 1 0
924 805 0 2
223 584 3 1
620 822 1 1
162 718 0 0
327 623 0 3
91 674 3 1
598 420 2 3
583 164 1 0
203 573 4 1
943 179 3 0
792 218 0 3
747 628 0 0
27 777 4 3
82
544 14 4 4
822 617 1 0
296 330 4 3
454 315 3 4
728 84 2 0
119 724 1 2
565 808 2 1
863 826 1 2
452 402 4 0
504 418 0 4
753 419 1 1
333 919 2 1
760 8 1 3
540 2 3 1
404 383 1 1
504 403 0 4
18 939 2 1
82 966 1 4
241 510 1 1
787 417 2 0
168 94 1 0
104 514 1 3
139 808 3 1
306 813 4 0
164 473 0 4
280 410 3 3
306 916 4 2
620 93 1 2
961 397 1 2
960 71 2 0
565 412 2 3
619 138 1 4
932 326 4 2
67 370 4 3
152 517 0 3
448 311 2 0
605 383 4 1
203 391 4 4
69 244 2 4
473 72 4 1
789 304 2 0
176 555 3 1
756 233 2 0
677 684 3 4
96 323 2 1
304 630 0 1
884 623 1 3
589 388 4 0
802 266 3 2
839 490 4 2
193 178 1 1
586 529 0 0
331 267 3 3
197 89 4 1
174 967 0 4
867 729 2 1
589 468 4 3
389 466 4 4
50 774 1 1
925 473 4 4
370 942 3 4
945 955 2 1
517 883 3 3
947 540 4 3
608 309 3 1
841 992 1 1
897 345 1 4
381 586 2 0
534 469 0 3
587 642 3 4
523 661 1 2
202 289 1 0
622 686 0 3
321 321 2 2
312 744 1 4
968 392 3 0
651 145 3 4
600 747 2 0
691 492 1 0
824 462 0 3
722 657 3 2
293 153 2 3
10
790 221 2 1
431 458 3 1
571 880 3 0
544 511 4 3
82 155 1 1
22 349 4 0
805 466 2 4
925 419 4 1
586 497 0 1
412 55 3 3
53
88 936 3 3
106 639 2 0
889 391 1 4
868 843 1 3
63 417 2 0
388 69 0 2
613 59 0 4
59 87 4 0
679 942 1 4
198 243 1 4
377 236 2 4
63 491 2 2
771 635 2 0
519 248 1 0
805 977 2 1
306 355 4 0
101 47 4 1
430 63 0 2
242 355 1 0
305 975 0 0
532 149 4 1
895 571 4 3
986 107 3 3
277 934 2 0
415 336 4 4
317 11 4 2
889 471 1 0
102 374 2 1
40 221 1 1
743 951 2 4
784 748 3 0
439 736 4 1
563 132 1 4
972 344 3 2
302 293 1 2
415 568 4 4
622 823 0 3
136 235 3 1
111 74 4 0
988 523 0 1
737 729 3 1
999 6 4 1
575 889 2 1
607 376 3 4
357 720 0 4
271 833 0 1
293 113 2 2
396 215 1 0
718 204 0 1
872 678 1 4
178 713 1 3
80 788 3 0
955 469 1 3