41
390 872 3 4
894 471 3 2
358 827 0 2
710 750 4 0
822 892 3 0
728 637 0 4
134 923 1 2
309 187 4 0
779 353 0 0
216 268 0 2
332 71 1 1
666 1 1 2
424 907 4 1
34 86 2 4
691 885 0 2
753 416 1 1
15 108 3 0
162 170 4 2
111 608 0 4
136 227 1 1
911 172 4 1
675 605 3 4
831 386 4 4
818 572 1 3
439 642 4 4
628 624 0 0
212 289 1 4
474 505 3 0
479 106 2 0
651 39 4 0
343 875 4 1
843 620 2 4
597 711 4 4
694 294 4 3
174 835 3 4
919 732 2 2
190 815 3 2
949 219 4 3
870 588 0 0
876 126 0 2
816 524 0 0
17
345 42 1 1
970 823 1 2
840 94 3 2
751 304 0 4
825 450 1 2
326 677 2 3
978 851 4 2
61 926 1 2
720 996 0 0
152 277 2 0
805 773 2 0
43 772 4 1
373 151 4 3
812 415 4 1
301 227 3 1
339 68 1 2
769 450 3 2
4
735 865 4 1
679 911 0 4
826 223 0 3
169 825 4 1
48
847 661 1 1
266 596 0 3
843 288 2 0
619 574 3 3
354 41 3 0
20 579 2 3
701 173 1 3
344 422 2 3
318 765 0 0
460 424 1 4
397 273 3 3
621 388 0 2
304 552 4 3
125 375 3 2
5 167 3 4
834 325 0 0
432 247 0 3
531 590 1 3
660 340 2 1
736 592 1 0
720 527 0 3
581 470 3 0
167 989 4 1
170 118 2 4
451 864 0 3
818 769 1 3
384 507 0 4
990 883 3 3
473 531 1 1
822 658 3 4
329 33 1 1
891 51 2 0
959 109 4 1
476 359 0 0
887 916 0 4
419 397 0 3
289 385 4 2
562 218 1 3
249 170 2 2
808 595 0 0
730 601 4 1
482 939 1 4
735 235 4 4
559 399 1 0
8 854 2 2
949 487 4 4
61 667 1 4
746 856 3 1
6
794 136 3 1
180 927 4 3
581 399 3 0
898 787 3 3
93 944 3 2
914 853 1 3
31
476 593 0 0
62 685 1 2
175 938 4 4
566 278 4 1
885 118 2 4
641 755 1 3
279 34 4 2
558 832 0 3
97 615 1 3
372 260 1 2
99 991 0 4
825 699 1 4
410 531 1 1
1 246 2 2
610 786 0 0
951 573 0 1
803 867 3 1
603 766 1 0
69 51 4 0
784 943 1 1
210 722 2 4
977 832 3 3
350 888 1 2
615 156 3 0
245 773 3 0
665 126 0 2
657 478 0 2
769 577 3 0
846 796 1 0
239 415 0 1
93 934 3 0
10
579 177 3 4
102 21 0 1
138 705 1 0
457 938 2 4
315 290 1 1
424 146 4 0
72 145 3 0
404 461 0 3
68 130 2 1
175 230 4 3
44
872 677 4 3
282 819 2 0
977 112 3 0
985 166 1 4
580 291 3 2
616 478 4 2
274 822 0 3
593 299 0 4
295 825 0 1
552 829 3 1
267 572 1 3
634 734 4 4
561 731 3 4
388 996 2 0
980 583 3 2
781 370 3 3
1 118 2 4
857 582 3 2
53 989 0 1
3 125 0 3
147 276 3 1
847 659 1 3
938 199 4 1
489 487 4 4
209 573 0 1
869 666 1 1
112 962 0 0
980 944 3 2
645 607 3 1
367 615 1 3
55 937 0 0
4 317 0 1
554 967 4 1
498 94 1 2
895 453 3 0
626 570 3 0
775 85 1 3
300 613 3 4
293 285 2 4
715 536 0 3
925 875 1 1
422 150 3 3
53 605 0 4
540 257 0 3
38
6 955 4 4
26 942 2 0
243 829 2 1
391 54 4 0
227 776 1 3
502 971 0 2
740 729 1 3
360 12 3 0
195 924 0 3
465 686 0 2
715 770 0 4
668 135 4 2
47 431 3 0
315 165 1 2
146 886 0 2
828 690 2 0
731 532 4 4
960 415 3 1
967 934 1 0
149 722 0 4
943 856 1 1
619 781 3 3
600 668 3 4
35 996 2 0
864 282 3 2
442 91 0 2
782 962 2 0
590 90 3 3
195 619 0 3
712 70 0 0
621 207 0 3
895 420 3 2
915 125 2 3
453 965 0 4
58 386 2 4
179 521 0 2
933 606 2 0
880 313 4 3
15
591 782 2 2
261 27 0 3
140 133 2 2
870 922 0 0
911 705 4 0
170 261 2 0
143 551 3 0
778 274 4 0
345 573 1 1
345 528 1 3
683 847 3 1
715 304 0 4
694 973 4 0
879 411 0 2
45 386 0 4
39
234 486 0 2
583 707 2 4
581 771 3 4
110 653 2 3
683 829 3 1
403 444 4 0
608 63 4 1
628 774 0 3
125 658 3 4
322 868 1 1
329 522 1 3
711 718 4 1
12 300 0 3
751 313 0 3
188 642 3 4
380 135 0 2
609 253 3 2
745 593 3 0
556 350 3 1
376 682 1 2
589 513 3 1
95 691 2 0
304 574 4 3
172 598 1 4
481 581 0 3
250 978 1 4
335 757 0 2
292 459 4 0
276 298 1 4
46 482 4 1
5 57 3 3
51 40 0 2
52 384 2 0
728 763 0 1
435 407 0 4
959 162 4 4
3 349 0 0
464 67 2 3
10 601 0 1
49
719 851 4 2
830 505 1 0
310 575 1 3
489 280 4 0
148 370 4 3
770 124 4 2
799 561 4 3
213 714 4 2
796 711 0 4
92 80 3 1
181 350 1 1
611 625 0 0
490 482 0 1
391 452 4 0
993 905 3 0
388 740 2 1
555 23 3 2
17 731 0 4
252 718 2 1
858 751 2 0
990 443 3 4
762 822 3 3
819 260 0 2
635 374 4 2
957 893 3 2
804 237 3 2
757 201 2 0
85 895 3 3
772 14 1 0
794 334 3 2
568 113 4 2
802 340 1 1
142 561 3 3
195 147 0 3
897 136 1 1
499 198 0 4
829 299 1 4
581 737 3 0
427 770 0 4
55 778 0 4
961 411 4 2
924 323 3 2
364 417 3 3
578 735 2 4
237 730 2 4
914 722 1 4
917 631 3 4
584 606 0 0
838 284 0 3
10
991 104 4 0
927 817 3 0
256 413 2 3
677 319 3 3
543 562 1 1
776 284 3 3
571 98 1 4
893 32 2 2
110 272 2 1
753 638 1 3
45
928 468 2 3
883 476 3 0
579 694 3 4
713 254 0 3
534 277 0 0
688 99 1 0
878 601 1 1
176 178 2 2
338 238 2 1
413 901 3 4
444 9 0 2
711 868 4 1
789 646 0 2
164 794 1 3
764 254 4 3
877 12 4 0
699 614 4 4
490 592 0 0
495 2 3 0
722 338 4 2
746 416 3 1
388 921 2 2
854 953 2 4
91 816 2 0
719 99 4 0
361 728 0 0
174 177 3 4
3 522 0 3
526 196 2 3
237 115 2 0
701 266 1 0
538 833 2 3
321 29 4 3
721 778 4 4
204 623 0 2
719 427 4 0
861 369 0 1
918 262 2 2
284 899 3 0
287 589 0 3
138 293 1 2
601 50 1 1
347 356 0 1
493 993 1 3
761 721 0 4
37
645 150 3 3
435 321 0 4
735 61 4 1
805 134 2 1
230 102 3 0
218 820 3 4
224 780 0 4
228 346 3 0
334 413 2 3
212 680 1 3
669 14 1 0
163 128 3 4
289 935 4 2
95 769 2 3
892 170 0 2
874 114 0 1
884 28 3 1
804 344 3 2
371 973 0 0
785 772 2 1
688 690 1 0
590 476 3 0
674 548 4 2
612 452 2 0
477 68 3 2
614 241 4 3
37 254 3 3
239 922 0 0
7 183 2 4
517 947 2 4
152 693 2 0
35 95 2 2
60 89 2 2
786 465 0 0
8 643 2 4
518 23 1 2
932 635 0 4
47
268 224 2 0
727 998 3 0
424 15 4 3
166 376 4 1
311 569 0 4
575 535 3 0
827 906 2 1
527 307 3 4
390 328 3 4
117 111 4 0
984 738 0 3
116 56 0 1
289 355 4 1
365 153 3 4
915 374 2 2
885 601 2 1
351 756 0 1
178 630 2 3
963 312 4 4
318 851 0 2
845 940 1 3
558 389 0 3
879 820 0 4
65 819 2 0
631 232 4 2
736 371 1 0
353 832 0 3
335 442 0 0
995 816 1 0
5 987 3 0
293 626 2 3
485 321 3 4
555 594 3 0
521 488 2 1
968 317 3 1
408 637 2 4
184 155 2 1
965 589 4 3
146 315 0 1
524 891 0 2
217 997 3 4
896 708 3 2
910 491 3 4
318 500 0 4
196 633 3 3
408 451 2 0
359 628 0 0
1
882 833 4 3
11
352 655 1 3
635 712 4 0
977 25 3 3
36 761 2 0
857 13 3 0
257 394 3 3
1 422 2 3
169 115 4 0
867 859 1 3
396 679 2 0
893 251 2 1
4
285 146 4 0
140 119 2 1
640 542 4 2
456 488 4 1
22
147 336 3 2
432 206 0 0
404 659 0 3
869 410 1 1
854 815 2 2
495 44 3 1
862 193 1 2
419 909 0 0
947 439 4 4
733 513 2 1
289 618 4 1
890 182 1 1
391 337 4 2
112 851 0 2
990 904 3 2
34 36 2 2
566 680 4 3
187 316 0 0
126 143 2 3
462 276 0 1
304 736 4 1
936 903 4 1
31
86 451 4 0
40 413 2 3
434 335 2 0
411 942 2 0
901 359 4 0
384 139 0 0
191 582 1 2
143 339 3 1
69 964 4 3
373 444 4 0
136 816 1 0
452 890 0 1
314 980 1 3
568 602 4 4
900 744 4 2
694 806 4 1
803 628 3 0
679 133 0 2
570 365 0 3
706 126 3 2
64 699 3 4
736 73 1 2
314 829 1 1
185 426 1 2
755 737 3 0
700 891 2 2
687 52 1 2
691 285 0 4
943 738 1 3
285 10 4 0
839 971 3 2
7
290 964 1 3
610 535 0 0
71 569 1 4
27 363 3 3
775 664 1 2
953 250 4 1
207 205 3 4
25
29 183 3 4
670 310 3 1
342 69 2 4
711 402 4 4
550 713 4 0
571 957 1 3
685 971 2 2
196 997 3 4
144 236 1 2
347 331 0 2
676 575 3 3
851 886 2 2
688 949 1 4
632 574 1 3
153 215 4 2
285 998 4 0
624 516 0 3
347 727 0 3
198 328 4 4
445 926 1 2
311 757 0 2
120 801 4 2
884 984 3 0
121 587 1 1
482 466 1 0
46
593 17 0 0
849 318 3 0
968 679 3 0
843 532 2 4
45 354 0 3
367 159 1 4
505 540 0 0
880 621 4 0
415 80 1 1
126 69 2 4
652 324 0 0
810 236 2 2
105 423 1 4
574 984 3 0
48 193 1 2
496 640 2 4
289 962 4 0
801 916 2 4
15 650 3 4
213 81 4 3
828 864 2 3
737 132 0 3
317 966 1 3
604 608 3 4
491 634 4 4
660 803 2 3
176 775 2 1
167 755 4 3
339 465 1 0
866 381 3 3
727 656 3 1
632 966 1 3
70 188 0 3
667 466 4 0
989 687 1 1
928 786 2 0
485 472 3 0
498 971 1 2
518 971 1 2
630 129 3 4
415 85 1 3
766 451 0 0
774 382 3 2
373 487 4 4
952 455 1 3
310 814 1 2
28
467 449 4 0
354 861 3 0
506 994 3 2
636 496 1 2
952 879 1 0
331 428 2 1
653 775 3 1
903 512 1 1
805 2 2 0
219 951 3 0
864 336 3 2
952 459 1 0
555 34 3 2
718 23 1 2
221 95 2 2
405 168 0 0
22 692 0 2
874 178 0 2
57 772 3 1
102 515 0 3
595 543 0 1
64 438 3 4
860 458 1 0
155 511 1 2
410 643 1 4
794 238 3 1
284 478 3 2
159 561 4 3
38
649 83 2 2
818 70 1 0
393 247 1 3
946 469 4 3
855 594 3 0
600 469 3 3
323 747 2 2
283 627 2 0
83 118 2 4
559 752 1 4
128 508 4 1
671 900 0 4
773 922 0 0
872 992 4 2
500 956 4 0
950 396 3 2
23 570 2 0
414 150 2 3
416 24 1 3
654 948 1 4
422 180 3 4
148 273 4 3
108 993 0 3
842 747 4 2
752 112 4 0
771 510 4 2
213 262 4 2
309 89 4 2
141 728 1 0
819 45 0 0
918 730 2 4
253 454 2 4
231 312 1 4
942 691 0 0
960 20 3 2
2 903 0 1
308 438 2 4
938 474 4 3
24
682 445 2 1
33 592 1 0
658 37 4 3
33 324 1 0
332 708 1 2
100 190 4 3
143 369 3 1
186 288 2 0
839 602 3 4
584 398 0 4
792 71 3 1
502 869 0 1
871 833 2 3
866 149 3 0
787 37 3 3
667 373 4 4
226 921 1 2
88 34 2 2
209 962 0 0
742 243 3 2
356 231 1 1
776 156 3 0
219 766 3 0
209 485 0 3
37
17 925 0 1
735 142 4 3
581 69 3 4
578 364 2 3
903 721 1 4
374 752 2 4
714 368 2 2
236 775 2 1
593 188 0 3
599 536 0 3
749 928 3 2
245 568 3 4
804 483 3 3
340 473 1 1
360 814 3 2
91 289 2 4
439 713 4 0
94 502 2 0
523 604 0 3
229 264 3 4
456 553 4 1
474 615 3 3
773 599 0 0
93 171 3 3
409 352 1 1
229 203 3 2
660 636 2 1
149 397 0 3
751 767 0 3
713 436 0 2
104 862 0 1
108 447 0 4
694 647 4 2
264 933 4 2
662 278 1 1
320 183 0 4
256 508 2 1
7
86 745 4 3
25 715 3 0
516 141 3 1
354 648 3 3
782 304 2 4
798 825 3 1
590 58 3 2
4
704 1000 2 4
373 269 4 3
733 866 2 3
284 701 3 1
4
574 962 3 0
776 417 3 3
900 307 4 4
543 12 1 0
12
59 141 2 1
860 236 1 2
977 653 3 3
579 766 3 0
664 913 2 2
171 481 3 0
242 47 0 3
500 857 4 3
817 86 0 4
458 136 0 1
988 286 2 2
562 118 1 4
48
373 802 4 1
309 958 4 4
350 378 1 0
370 415 3 1
628 163 0 3
575 74 3 0
733 658 2 4
54 830 0 1
25 744 3 2
64 100 3 4
26 49 2 4
140 537 2 0
981 447 1 4
235 642 4 4
510 75 2 2
119 331 1 2
338 56 2 1
100 468 4 3
646 52 2 2
695 544 4 3
597 995 4 1
299 835 4 4
438 194 4 1
194 415 1 1
372 972 1 1
696 3 1 0
398 172 4 1
156 657 0 0
663 264 4 4
424 738 4 3
865 303 1 1
87 377 2 1
210 487 2 4
910 312 3 4
809 845 0 1
395 771 4 4
354 90 3 3
994 575 2 3
284 974 3 2
367 150 1 3
619 251 3 1
605 915 4 2
217 369 3 1
677 612 3 2
184 985 2 1
546 841 4 4
43 361 4 0
889 903 4 1
46
171 727 3 3
712 68 0 2
66 98 4 4
307 399 4 0
898 57 3 3
268 11 2 0
274 895 0 3
392 300 1 3
689 891 0 2
232 558 2 0
442 859 0 3
623 707 2 4
182 319 1 3
641 256 1 2
469 698 3 2
842 694 4 4
440 754 3 3
544 500 3 4
413 625 3 0
998 313 0 3
128 924 4 3
669 999 1 1
563 265 3 1
521 667 2 4
786 357 0 4
230 73 3 2
357 475 4 3
454 989 4 1
715 145 0 0
848 796 3 0
847 420 1 2
541 833 4 3
218 316 3 0
714 515 2 3
541 475 4 3
501 211 3 3
128 926 4 2
639 556 3 3
700 310 2 1
541 147 4 3
242 56 0 1
930 334 0 2
374 296 2 2
892 433 0 0
803 933 3 2
345 43 1 4
6
981 110 1 2
7 509 2 3
849 35 3 2
702 988 1 2
804 983 3 2
578 630 2 3
45
84 438 1 4
538 324 2 0
927 873 3 3
924 368 3 2
566 33 4 1
176 694 2 4
574 268 3 2
260 479 2 2
480 121 0 1
240 369 0 1
343 605 4 4
492 765 0 0
856 138 1 1
22 680 0 3
662 298 1 4
750 803 0 3
42 297 1 0
424 277 4 0
84 104 1 0
150 569 3 4
296 990 2 3
943 786 1 0
119 17 1 0
1000 386 4 4
401 594 1 0
894 122 3 4
636 39 1 0
309 644 4 4
780 713 4 0
503 940 2 3
559 894 1 3
644 485 4 3
899 177 0 4
587 496 1 2
935 837 2 3
179 455 0 3
803 833 3 3
48 623 1 2
20 21 2 1
69 332 4 1
96 810 3 2
146 534 0 0
186 368 2 2
154 929 1 3
315 457 1 2
14
99 174 0 3
210 828 2 2
903 533 1 1
882 942 4 0
78 125 2 3
195 374 0 2
397 563 3 3
190 694 3 4
873 545 3 4
195 589 0 3
551 721 0 4
46 168 4 0
400 285 4 4
492 472 0 0
28
737 869 0 1
401 794 1 3
710 172 4 1
690 652 0 0
403 929 4 3
965 789 4 0
818 711 1 4
764 104 4 0
644 145 4 0
606 69 0 4
874 80 0 1
173 152 3 2
985 480 1 0
997 965 4 4
441 752 4 4
700 601 2 1
698 488 2 1
544 347 3 0
404 221 0 2
185 698 1 2
561 776 3 3
157 976 4 0
345 741 1 4
601 516 1 3
106 558 0 0
235 821 4 0
122 887 4 0
17 594 0 0
13
493 813 1 2
287 241 0 3
80 512 1 1
402 699 4 4
536 231 3 1
36 875 2 1
435 559 0 1
147 508 3 1
756 401 1 1
731 343 4 4
360 929 3 3
52 474 2 3
297 257 0 3
19
190 837 3 3
749 163 3 3
179 625 0 0
419 100 0 4
450 151 2 3
865 523 1 0
598 135 4 2
250 128 1 4
48 482 1 1
894 820 3 4
422 169 3 4
325 139 0 0
664 268 2 2
320 646 0 2
510 447 2 4
829 487 1 4
145 734 0 4
205 437 4 4
213 913 4 2
7
920 199 0 1
570 299 0 4
878 937 1 0
259 660 3 2
860 983 1 2
85 620 3 4
248 781 3 3
22
262 931 2 2
959 190 4 3
138 124 1 2
532 850 4 2
354 415 3 1
432 589 0 3
533 869 1 1
421 239 3 0
802 461 1 3
5 980 3 3
626 784 3 1
407 847 4 1
161 2 0 0
387 745 0 3
507 877 4 4
812 87 4 2
800 303 3 1
929 153 3 4
931 139 2 0
559 967 1 1
845 933 1 2
911 486 4 2
46
415 943 1 1
120 947 4 4
17 288 0 0
690 993 0 3
805 836 2 2
815 598 2 4
608 634 4 4
17 144 0 1
117 983 4 2
175 637 4 4
12 466 0 0
731 983 4 2
927 355 3 1
434 89 2 2
572 185 3 1
734 316 4 0
343 104 4 0
41 962 0 0
671 660 0 2
687 166 1 4
881 100 2 4
478 310 2 1
586 157 0 4
290 255 1 2
237 810 2 2
641 740 1 1
868 997 1 4
413 882 3 4
483 365 3 3
992 930 2 0
129 60 4 2
721 675 4 3
672 171 4 3
220 316 3 0
827 308 2 2
408 348 2 4
543 68 1 2
50 326 1 2
970 307 1 4
119 380 1 0
401 977 1 3
79 382 2 2
109 727 1 3
693 543 0 1
813 775 2 1
99 541 0 4
31
761 946 0 4
187 847 0 1
4 159 0 4
244 98 2 4
77 841 1 4
110 117 2 4
822 478 3 2
345 678 1 1
982 821 2 0
515 316 3 0
609 847 3 1
145 387 0 0
836 407 2 4
68 831 2 4
591 360 2 3
101 90 2 3
815 110 2 2
598 704 4 2
343 36 4 2
135 575 2 3
362 309 1 4
570 781 0 3
752 950 4 3
803 81 3 3
371 864 0 3
703 907 0 1
500 723 4 3
616 464 4 2
759 782 0 2
771 862 4 1
776 84 3 1
41
62 88 1 2
136 145 1 0
655 152 3 2
945 536 1 3
926 464 2 2
312 370 4 3
491 437 4 4
926 305 2 2
288 717 0 2
219 590 3 3
835 616 4 4
705 928 0 2
834 541 0 4
511 385 2 2
974 53 2 0
241 222 3 4
695 912 4 0
197 88 4 2
759 11 0 0
32 500 2 4
580 867 3 1
751 451 0 0
61 641 1 1
2 966 0 3
837 705 3 0
866 275 3 0
149 784 0 1
419 300 0 3
500 321 4 4
765 618 0 1
610 781 0 3
693 142 0 3
938 493 4 1
912 519 0 1
198 45 4 0
479 13 2 0
620 806 4 1
781 793 3 0
37 752 3 4
542 71 2 1
46 707 4 4
4
889 632 4 1
712 247 0 3
825 627 1 0
321 997 4 4
14
527 825 3 1
978 972 4 1
770 497 4 0
958 282 4 2
910 600 3 3
680 10 3 0
530 526 3 2
71 592 1 0
392 326 1 2
198 159 4 4
527 998 3 0
767 309 3 4
375 148 2 4
896 258 3 0
1
534 570 0 0
5
153 278 4 1
726 667 2 4
764 769 4 3
962 461 0 3
3 282 0 2
7
277 298 0 4
767 561 3 3
892 122 0 4
191 494 1 3
611 298 0 4
951 484 0 2
940 397 3 3
24
441 52 4 2
364 871 3 2
233 943 0 1
308 305 2 2
571 264 1 4
258 984 0 0
993 204 3 0
443 862 4 1
93 186 3 2
721 701 4 1
510 817 2 0
895 840 3 3
706 717 3 2
373 490 4 0
965 504 4 0
751 617 0 2
416 929 1 3
256 942 2 0
829 124 1 2
460 284 1 3
991 550 4 4
514 371 2 0
334 891 2 2
25 712 3 0
26
917 250 3 1
747 515 2 3
963 314 4 1
788 990 0 3
252 691 2 0
650 976 4 0
390 361 3 0
770 712 4 0
928 671 2 0
296 35 2 2
312 580 4 3
797 700 1 2
273 536 3 3
430 262 3 2
45 648 0 3
4 677 0 3
315 913 1 2
965 995 4 1
573 881 1 2
631 918 4 2
465 881 0 2
740 566 1 4
946 110 4 2
222 645 4 3
514 351 2 0
305 447 2 4
24
889 143 4 3
616 158 4 2
406 68 0 2
405 352 0 1
397 839 3 3
938 479 4 2
722 961 4 4
355 989 1 1
214 141 3 1
262 50 2 1
497 732 0 2
173 496 3 2
852 595 1 0
18 765 0 0
411 308 2 2
988 188 2 3
847 406 1 0
382 32 2 2
818 626 1 3
157 950 4 3
971 83 2 2
186 398 2 4
42 897 1 1
134 469 1 3
34
394 834 3 0
419 609 0 3
253 697 2 1
604 365 3 3
741 997 4 4
197 959 4 4
486 670 2 3
900 738 4 3
407 865 4 1
4 351 0 0
667 573 4 1
540 352 0 1
494 265 3 1
851 556 2 3
673 497 4 0
347 788 0 0
419 575 0 3
943 268 1 2
572 765 3 0
1 54 2 0
542 849 2 3
669 816 1 0
858 378 2 0
68 797 2 1
196 407 3 4
341 537 4 0
885 711 2 4
174 94 3 2
251 843 1 2
819 844 0 3
863 287 0 0
849 54 3 0
874 935 0 2
922 399 0 0
16
926 413 2 3
426 987 2 0
626 225 3 0
105 13 1 0
836 742 2 3
286 331 2 2
795 752 3 4
845 434 1 2
112 392 0 1
42 366 1 1
531 457 1 2
207 805 3 2
421 12 3 0
326 253 2 2
735 49 4 4
741 107 4 3
12
99 255 0 2
673 180 4 4
894 62 3 1
739 935 0 2
175 455 4 3
855 641 3 1
832 278 3 1
958 139 4 0
454 264 4 4
619 31 3 2
873 800 3 3
983 30 2 3
50
825 871 1 2
444 119 0 1
562 451 1 0
53 646 0 2
391 563 4 3
299 607 4 1
660 959 2 4
911 603 4 1
404 708 0 2
541 801 4 2
712 286 0 2
980 676 3 3
276 903 1 1
698 768 2 0
907 930 1 0
407 961 4 4
2 972 0 1
336 128 2 4
666 320 1 0
140 779 2 0
263 901 3 4
643 416 4 1
982 871 2 2
993 806 3 1
947 30 4 3
874 56 0 1
32 758 2 0
576 286 2 2
81 444 3 0
432 97 0 1
284 986 3 3
643 963 4 4
271 216 0 0
376 209 1 0
930 175 0 4
407 415 4 1
395 83 4 2
856 254 1 3
696 212 1 1
713 180 0 4
839 649 3 2
390 712 3 0
113 450 2 2
907 608 1 4
629 960 4 3
525 321 0 4
752 419 4 0
71 146 1 0
362 151 1 3
737 470 0 0
29
532 746 4 3
28 887 1 0
145 606 0 0
284 758 3 0
21 762 1 3
528 539 3 0
169 244 4 2
21 255 1 2
45 152 0 2
709 66 3 4
406 293 0 2
435 930 0 0
808 455 0 3
306 312 2 4
902 277 3 0
505 687 0 1
931 458 2 0
327 566 1 4
748 265 1 1
967 861 1 0
532 33 4 1
552 284 3 3
243 304 2 4
20 758 2 0
828 620 2 4
971 596 2 3
530 373 3 4
403 390 4 3
606 222 0 4
8
949 487 4 4
370 576 3 2
220 119 3 1
571 644 1 4
933 886 2 2
517 602 2 4
168 790 0 3
201 519 0 1
27
34 22 2 0
457 947 2 4
267 138 1 1
876 673 0 4
616 391 4 4
742 657 3 0
217 856 3 1
164 189 1 3
528 386 3 4
103 425 1 1
21 296 1 2
407 296 4 2
989 958 1 4
698 499 2 0
702 327 1 1
632 548 1 2
809 514 0 2
190 745 3 3
421 215 3 2
910 475 3 3
972 896 1 3
543 102 1 0
404 626 0 3
550 371 4 0
116 67 0 3
473 369 1 1
512 517 1 2
5
291 444 2 0
864 650 3 4
802 41 1 0
870 881 0 2
91 303 2 1
8
577 940 0 3
831 662 4 1
603 279 1 4
778 124 4 2
19 209 1 0
236 472 2 0
138 332 1 1
719 663 4 4
20
505 814 0 2
655 574 3 3
537 623 0 2
303 654 1 1
554 355 4 1
963 932 4 0
455 381 3 3
460 846 1 1
1000 580 4 3
452 464 0 2
801 807 2 2
23 133 2 2
382 60 2 2
989 714 1 2
404 13 0 0
372 919 1 2
339 504 1 0
210 875 2 1
384 466 0 0
584 99 0 0
24
359 338 0 2
454 316 4 0
672 978 4 4
768 394 0 3
65 869 2 1
761 21 0 1
670 5 3 3
441 658 4 4
890 350 1 1
307 391 4 4
339 20 1 2
443 749 4 3
805 33 2 1
93 842 3 4
321 173 4 3
556 811 3 0
354 734 3 4
243 70 2 0
781 567 3 2
603 589 1 3
954 948 4 4
594 406 0 0
179 715 0 0
332 720 1 0
33
894 969 3 2
881 844 2 3
101 891 2 2
938 775 4 1
337 682 2 2
908 865 0 1
307 365 4 3
227 64 1 3
443 719 4 4
24 638 3 3
325 876 0 0
317 666 1 1
213 415 4 1
306 530 2 3
523 177 0 4
820 562 4 1
250 600 1 3
349 731 0 4
522 634 3 4
111 187 0 0
429 580 1 3
721 940 4 3
535 691 0 0
324 796 0 0
686 526 2 2
240 745 0 3
169 830 4 1
927 455 3 3
405 244 0 2
571 767 1 3
930 461 0 3
651 973 4 0
309 28 4 1
22
774 887 3 0
620 846 4 1
556 426 3 2
608 111 4 0
944 539 2 0
890 761 1 0
787 587 3 1
316 912 0 0
657 919 0 2
718 534 1 0
538 800 2 3
276 238 1 1
606 509 0 3
891 824 2 3
565 660 4 2
241 838 3 0
112 847 0 1
806 301 1 3
199 339 1 1
218 976 3 0
704 548 2 2
460 599 1 0
11
461 413 3 3
292 306 4 2
891 599 2 0
318 194 0 1
169 485 4 3
958 780 4 4
750 248 0 3
599 829 0 1
650 410 4 1
291 909 2 0
96 547 3 0
46
504 717 0 2
390 465 3 0
864 375 3 2
312 713 4 0
313 520 3 3
884 914 3 1
512 170 1 2
901 675 4 3
953 444 4 0
721 785 4 2
724 531 3 1
271 164 0 1
210 20 2 2
589 138 3 1
226 613 1 4
960 985 3 1
523 379 0 2
1000 526 4 2
877 38 4 0
607 619 1 3
784 537 1 0
975 996 4 0
440 214 3 3
325 50 0 1
164 798 1 3
406 649 0 2
746 870 3 0
228 924 3 3
760 461 3 3
324 512 0 1
521 314 2 1
944 718 2 1
427 466 0 0
684 362 0 1
425 967 1 1
335 513 0 1
330 108 1 0
704 215 2 2
244 372 2 1
506 734 3 4
382 299 2 4
70 843 0 2
410 381 1 3
172 690 1 0
19 802 1 1
709 849 3 3
30
955 527 4 3
826 340 0 1
990 414 3 2
211 66 3 4
652 236 0 2
423 946 4 4
100 293 4 2
487 794 4 3
321 433 4 0
347 52 0 2
630 782 3 2
898 864 3 3
658 226 4 1
122 702 4 1
7 754 2 3
801 418 2 2
732 930 2 0
954 980 4 3
642 738 4 3
19 170 1 2
251 24 1 3
690 797 0 1
238 64 1 3
336 805 2 2
239 973 0 0
822 666 3 1
628 130 0 1
580 640 3 4
939 618 4 1
129 558 4 0
12
440 532 3 4
19 785 1 2
484 912 2 0
669 50 1 1
507 799 4 4
903 862 1 1
570 205 0 4
870 165 0 2
158 405 2 0
697 492 1 0
338 938 2 4
451 232 0 2
40
995 439 1 4
714 281 2 4
457 566 2 4
126 331 2 2
997 295 4 0
805 978 2 4
130 276 1 1
347 87 0 2
938 52 4 2
347 547 0 0
405 171 0 3
462 19 0 1
372 50 1 1
874 773 0 0
547 132 0 3
959 598 4 4
156 327 0 1
245 714 3 2
8 475 2 3
401 439 1 4
145 874 0 0
846 319 1 3
628 300 0 3
593 48 0 1
666 46 1 4
413 329 3 1
653 470 3 0
620 171 4 3
295 949 0 4
479 177 2 4
293 441 2 4
492 854 0 2
787 702 3 1
103 898 1 3
634 329 4 1
244 488 2 1
268 521 2 2
472 455 0 3
936 754 4 3
47 347 3 0
43
247 759 3 0
184 321 2 4
595 788 0 0
938 554 4 4
516 69 3 4
11 949 0 4
941 388 3 2
482 468 1 3
295 131 0 1
228 249 3 2
219 482 3 1
426 810 2 2
974 685 2 2
375 844 2 3
138 353 1 0
172 868 1 1
676 975 3 4
890 389 1 3
983 769 2 3
804 211 3 3
581 666 3 1
966 966 3 3
733 898 2 3
181 770 1 4
718 87 1 2
853 547 3 0
846 511 1 2
97 382 1 2
127 274 0 0
602 379 4 2
207 220 3 3
439 471 4 2
642 248 4 3
358 965 0 4
358 384 0 0
196 612 3 2
403 865 4 1
975 108 4 0
509 259 3 3
973 930 0 0
407 526 4 2
624 316 0 0
190 520 3 3
49
182 767 1 3
43 589 4 3
730 78 4 2
12 312 0 4
53 868 0 1
829 373 1 4
974 196 2 3
901 80 4 1
355 10 1 0
733 504 2 0
948 264 4 4
803 436 3 2
792 327 3 1
891 913 2 2
246 934 2 0
585 909 3 0
428 362 1 1
812 547 4 0
291 234 2 0
300 907 3 1
868 590 1 3
612 117 2 4
891 796 2 0
307 26 4 2
913 710 2 4
20 264 2 4
497 603 0 1
533 344 1 2
288 496 0 2
148 821 4 0
575 283 3 2
333 603 1 1
684 4 0 0
601 361 1 0
60 225 2 0
105 372 1 1
118 964 4 3
456 866 4 3
577 547 0 0
414 168 2 0
501 859 3 3
529 8 0 2
239 274 0 0
469 451 3 0
318 632 0 1
908 823 0 2
394 897 3 1
889 317 4 1
908 506 0 3
38
458 448 0 2
445 206 1 0
559 520 1 3
218 333 3 1
639 42 3 1
36 267 2 1
556 594 3 0
102 343 0 4
407 762 4 3
832 400 3 4
402 741 4 4
74 47 0 3
699 35 4 2
627 440 0 3
776 598 3 4
190 792 3 3
114 148 1 4
130 552 1 3
128 477 4 3
877 223 4 3
856 204 1 0
580 158 3 2
883 107 3 3
514 204 2 0
246 31 2 2
482 922 1 0
721 898 4 3
770 281 4 4
198 759 4 0
782 975 2 4
616 344 4 2
246 881 2 2
846 11 1 0
326 218 2 3
18 867 0 1
248 826 3 0
882 795 4 3
375 946 2 4
28
525 274 0 0
43 571 4 1
313 508 3 1
126 156 2 0
817 492 0 0
174 740 3 1
529 542 0 2
346 545 0 4
636 533 1 1
470 345 0 1
385 651 2 4
689 226 0 1
548 590 2 3
562 224 1 0
793 121 0 1
971 699 2 4
212 948 1 4
432 937 0 0
748 825 1 1
465 351 0 0
318 165 0 2
50 392 1 1
909 790 0 3
907 239 1 0
486 727 2 3
724 671 3 0
466 973 0 0
521 189 2 3
9
533 963 1 4
622 260 0 2
733 582 2 2
3 27 0 3
531 823 1 2
709 868 3 1
70 430 0 3
742 676 3 3
423 337 4 2
2
807 99 2 0
673 38 4 0
48
32 557 2 4
709 995 3 1
953 324 4 0
525 658 0 4
168 833 0 3
497 263 0 3
303 15 1 3
477 776 3 3
108 603 0 1
770 110 4 2
214 353 3 0
261 536 0 3
232 39 2 0
98 468 4 3
649 502 2 0
602 744 4 2
340 94 1 2
638 191 3 1
195 953 0 4
983 999 2 1
116 504 0 0
580 38 3 0
373 353 4 0
471 605 2 4
385 818 2 1
37 573 3 1
367 616 1 4
23 862 2 1
491 304 4 4
681 423 3 4
371 806 0 1
959 63 4 1
848 828 3 2
135 402 2 4
495 242 3 0
447 295 4 0
899 268 0 2
316 190 0 3
577 81 0 3
12 55 0 0
376 463 1 4
273 941 3 3
450 436 2 2
66 362 4 1
348 288 4 0
103 340 1 1
902 478 3 2
456 981 4 1
5
673 771 4 4
272 712 1 0
491 905 4 0
767 475 3 3
793 276 0 1
46
128 306 4 2
167 834 4 0
659 870 3 0
2 371 0 0
310 668 1 4
584 728 0 0
335 227 0 1
727 888 3 2
997 554 4 4
923 438 2 4
156 731 0 4
199 806 1 1
611 81 0 3
257 435 3 0
774 771 3 4
865 630 1 3
205 689 4 0
878 409 1 1
256 243 2 2
301 762 3 3
157 113 4 2
407 571 4 1
136 525 1 0
821 438 0 4
758 581 0 3
858 61 2 1
85 404 3 0
478 895 2 3
675 64 3 3
307 95 4 2
458 606 0 0
334 351 2 0
237 745 2 3
659 922 3 0
210 170 2 2
349 942 0 0
332 962 1 0
561 8 3 2
363 978 3 4
957 378 3 0
18 75 0 2
59 159 2 4
509 58 3 2
652 672 0 4
21 75 1 2
187 79 0 2
8
574 919 3 2
263 92 3 3
687 852 1 1
559 837 1 3
175 142 4 3
180 814 4 2
41 651 0 4
699 261 4 0
5
460 80 1 1
200 202 3 1
104 64 0 3
185 736 1 1
710 635 4 4
5
151 852 3 1
862 66 1 4
728 513 0 1
829 453 1 0
751 147 0 3
21
854 471 2 2
501 310 3 1
105 482 1 1
809 128 0 4
585 750 3 0
470 773 0 0
970 259 1 3
574 972 3 1
51 529 0 0
31 238 2 1
431 991 0 4
236 49 2 4
591 622 2 0
343 858 4 2
813 412 2 4
829 863 1 0
943 340 1 1
534 194 0 1
574 914 3 1
455 394 3 3
187 164 0 1
34
956 717 0 2
324 113 0 2
119 601 1 1
899 796 0 0
724 382 3 2
240 541 0 4
148 203 4 2
733 893 2 2
859 352 3 1
386 14 4 0
667 614 4 4
555 155 3 1
844 580 3 3
60 449 2 0
598 647 4 2
454 872 4 4
481 837 0 3
177 125 4 3
412 813 4 2
345 8 1 2
482 319 1 3
805 124 2 2
594 524 0 0
754 368 3 2
69 969 4 2
166 826 4 0
459 662 0 1
352 419 1 0
766 765 0 0
813 882 2 4
976 497 0 0
38 601 0 1
233 829 0 1
733 598 2 4
36
189 326 3 2
183 762 4 3
501 195 3 0
350 697 1 1
933 575 2 3
620 68 4 2
965 340 4 1
109 372 1 1
883 271 3 0
487 38 4 0
238 769 1 3
24 92 3 3
141 201 1 0
660 359 2 0
265 637 1 4
856 895 1 3
996 944 0 2
62 394 1 3
421 413 3 3
621 827 0 2
970 801 1 2
211 842 3 4
632 855 1 3
778 954 4 4
433 205 0 4
661 999 1 1
530 291 3 2
846 966 1 3
480 636 0 1
109 455 1 3
399 373 0 4
974 469 2 3
95 810 2 2
632 270 1 3
3 536 0 3
78 53 2 0
9
893 724 2 3
845 917 1 3
11 471 0 2
368 324 2 0
124 625 2 0
158 542 2 2
576 463 2 4
73 413 2 3
585 337 3 2
3
809 463 0 4
646 885 2 2
144 328 1 4
22
528 530 3 3
127 669 0 1
795 392 3 1
5 176 3 2
384 577 0 0
341 958 4 4
92 753 3 1
257 573 3 1
238 214 1 3
651 401 4 1
522 567 3 2
782 259 2 3
774 636 3 1
378 243 0 2
124 37 2 3
629 599 4 0
166 88 4 2
927 222 3 4
792 705 3 0
239 581 0 3
7 232 2 2
329 381 1 3
44
26 537 2 0
624 379 0 2
421 24 3 3
414 749 2 3
37 629 3 4
912 805 0 2
203 576 2 2
680 862 3 1
8 47 2 3
59 339 2 1
614 971 4 2
780 634 4 4
887 693 0 0
503 983 2 2
965 258 4 0
246 681 2 3
29 310 3 1
43 73 4 2
120 269 4 3
307 798 4 3
152 124 2 2
315 318 1 0
523 317 0 1
482 839 1 3
271 705 0 0
899 92 0 3
531 392 1 1
941 243 3 2
421 397 3 3
264 307 4 4
237 309 2 4
374 58 2 2
229 917 3 3
820 956 4 0
195 307 0 4
732 417 2 3
565 541 4 4
193 861 2 0
840 446 3 1
461 259 3 3
733 351 2 0
746 667 3 4
385 594 2 0
451 984 0 0
7
761 295 0 0
567 284 2 3
77 130 1 1
673 814 4 2
179 55 0 0
153 722 4 4
233 853 0 3
43
904 342 2 2
149 63 0 1
758 399 0 0
614 525 4 0
294 493 3 1
157 174 4 3
420 572 2 3
108 780 0 4
81 783 3 4
933 95 2 2
661 343 1 4
652 400 0 4
836 98 2 4
982 547 2 0
176 824 2 3
234 291 0 2
366 193 1 2
459 751 0 0
816 595 0 0
559 602 1 4
358 943 0 1
783 257 4 3
946 90 4 3
674 501 4 3
999 122 1 4
784 344 1 2
909 558 0 0
153 324 4 0
484 480 2 0
176 127 2 0
649 951 2 0
943 643 1 4
602 380 4 0
376 506 1 3
242 830 0 1
253 766 2 0
386 905 4 0
404 470 0 0
845 113 1 2
395 781 4 3
373 53 4 0
252 477 2 3
951 991 0 4
25
777 840 1 3
872 726 4 2
903 531 1 1
727 824 3 3
436 952 2 1
50 231 1 1
930 634 0 4
573 907 1 1
277 69 0 4
63 377 1 1
891 833 2 3
741 825 4 1
153 720 4 0
174 843 3 2
834 632 0 1
589 627 3 0
394 646 3 2
141 958 1 4
385 376 2 1
503 744 2 2
300 380 3 0
182 220 1 3
117 202 4 1
556 759 3 0
738 786 3 0
35
353 851 0 2
860 105 1 1
201 93 0 3
875 920 1 0
956 444 0 0
140 741 2 4
57 349 3 0
841 957 4 3
660 313 2 3
652 601 0 1
309 605 4 4
994 118 2 4
468 478 3 2
726 454 2 4
156 491 0 4
927 664 3 2
601 963 1 4
840 362 3 1
703 964 0 3
345 430 1 3
72 277 3 0
935 811 2 0
370 836 3 2
349 250 0 1
307 961 4 4
325 185 0 1
545 940 4 3
735 509 4 3
939 954 4 4
964 440 3 3
917 634 3 4
359 914 0 1
820 325 4 0
593 643 0 4
623 52 2 2
4
934 93 0 3
92 860 3 1
274 25 0 3
500 702 4 1
14
511 471 2 2
549 644 2 4
2 157 0 4
773 703 0 0
515 164 3 1
278 61 1 1
16 619 1 3
303 720 1 0
390 375 3 2
229 865 3 1
597 375 4 2
404 939 0 4
727 658 3 4
336 630 2 3
34
465 256 0 2
448 997 2 4
854 432 2 0
390 930 3 0
115 250 0 1
384 690 0 0
120 432 4 0
178 47 2 3
404 353 0 0
846 116 1 0
804 502 3 0
735 92 4 3
946 783 4 4
425 473 1 1
45 862 0 1
100 85 4 3
134 600 1 3
231 800 1 3
507 331 4 2
418 470 2 0
668 73 4 2
587 68 1 2
474 384 3 0
746 671 3 0
943 315 1 1
528 570 3 0
529 736 0 1
378 850 0 2
865 814 1 2
900 151 4 3
176 659 2 3
320 865 0 1
824 440 3 3
357 516 4 3
12
730 804 4 3
218 746 3 3
478 86 2 4
252 902 2 3
48 306 1 2
325 362 0 1
479 891 2 2
354 785 3 2
480 45 0 0
985 95 1 2
110 864 2 3
430 143 3 3
19
5 316 3 0
235 798 4 3
621 198 0 4
859 489 3 4
145 258 0 0
914 693 1 0
204 998 0 0
153 180 4 4
205 307 4 4
110 603 2 1
489 490 4 0
808 610 0 0
93 343 3 4
137 746 0 3
673 9 4 2
446 98 1 4
263 674 3 4
739 973 0 0
339 466 1 0
25
787 637 3 4
410 95 1 2
730 185 4 1
359 879 0 0
898 288 3 0
958 746 4 3
554 383 4 2
366 402 1 4
762 973 3 0
622 787 0 3
142 627 3 0
988 986 2 3
315 396 1 2
663 228 4 3
521 819 2 0
914 593 1 0
845 747 1 2
758 175 0 4
986 49 3 4
202 650 1 4
644 614 4 4
394 457 3 2
192 338 2 2
233 388 0 2
731 154 4 1
