14
170 669 2 1
681 980 3 3
189 606 3 0
273 551 3 0
793 806 0 1
678 734 1 4
34 167 2 4
688 980 1 3
323 606 2 0
578 887 2 0
463 208 4 3
490 52 0 2
467 369 4 1
618 453 1 0
4
244 895 2 3
214 326 3 2
668 183 4 4
232 916 2 4
13
664 863 2 0
853 24 3 3
243 959 2 4
60 594 2 0
966 894 3 3
360 384 3 0
585 829 3 1
906 456 1 4
649 361 2 0
347 775 0 1
200 944 3 2
43 555 4 3
806 146 1 0
4
196 161 3 0
878 437 1 4
92 127 3 0
765 274 0 0
3
420 287 2 0
409 985 1 1
95 529 2 0
15
467 263 4 3
496 233 2 0
674 283 4 2
61 999 1 1
508 358 1 0
108 202 0 1
895 801 3 2
954 471 4 2
592 67 0 3
66 555 4 3
909 172 0 1
788 382 0 2
592 279 0 4
620 276 4 1
384 253 0 2
2
582 525 2 0
670 251 3 1
8
312 947 4 4
404 275 0 0
157 127 4 0
30 506 3 3
902 268 3 2
402 498 4 1
389 361 3 0
409 827 1 2
13
241 497 3 0
723 149 3 0
263 440 3 3
474 243 3 2
925 182 1 1
512 777 1 1
700 323 2 2
26 375 2 2
422 914 3 1
739 389 0 3
655 937 3 0
255 138 2 1
682 430 2 3
15
398 32 4 2
919 544 2 3
528 667 3 4
494 71 3 1
853 640 3 4
415 974 1 2
150 587 3 1
568 776 4 3
628 421 0 3
292 691 4 0
403 496 4 2
619 139 3 0
1000 611 4 0
98 36 4 2
824 688 3 1
18
637 95 4 2
219 200 3 3
855 546 3 4
150 737 3 0
804 401 3 1
87 519 2 1
397 652 3 0
819 764 0 4
892 969 0 2
435 913 0 2
152 703 2 0
485 724 3 3
639 875 3 1
118 109 4 1
102 164 0 1
739 819 0 0
11 253 0 2
766 831 0 4
19
590 253 3 2
860 928 1 2
599 543 0 1
986 546 3 4
539 688 0 1
46 463 4 4
589 28 3 1
103 421 1 3
97 976 1 0
40 707 2 4
961 44 4 1
789 944 0 2
506 44 3 1
604 579 3 3
867 174 1 3
361 889 0 4
394 318 3 0
629 230 4 3
915 868 2 1
20
370 285 3 4
783 506 4 3
204 83 0 2
787 162 3 4
333 684 1 0
958 563 4 3
187 271 0 0
705 599 0 0
430 934 3 0
554 960 4 3
512 38 1 0
182 490 1 0
749 809 3 0
147 991 3 4
241 200 3 3
459 179 0 0
489 128 4 4
476 13 0 0
281 151 4 3
13 198 0 4
17
699 875 4 1
809 547 0 0
728 162 0 4
423 438 4 4
932 423 0 4
621 390 0 3
793 514 0 2
213 730 4 4
6 761 4 0
310 767 1 3
818 791 1 2
545 90 4 3
62 411 1 2
921 73 2 2
470 29 0 3
270 40 3 2
932 419 0 0
6
256 264 2 4
450 872 2 4
857 296 3 2
512 983 1 2
848 160 3 2
734 343 4 4
16
391 220 4 3
447 619 4 3
766 628 0 0
74 337 0 2
189 280 3 0
380 960 0 3
651 207 4 3
382 907 2 1
985 658 1 4
590 628 3 0
652 349 0 0
255 582 2 2
118 193 4 2
904 732 2 2
240 319 0 3
211 952 3 1
18
751 68 0 2
328 903 4 1
270 788 3 0
555 559 3 1
894 921 3 2
18 650 0 4
895 660 3 2
161 47 0 3
731 430 4 3
508 415 1 1
32 471 2 2
918 202 2 1
14 485 0 3
181 580 1 3
304 342 4 2
258 80 0 1
287 923 0 2
364 993 3 3
14
49 868 4 1
369 418 1 2
516 547 3 0
96 834 3 0
257 319 3 3
747 939 2 4
945 828 1 2
462 245 0 3
54 336 0 2
367 435 1 0
275 127 0 0
977 685 3 2
140 645 2 3
665 912 0 0
15
266 337 0 2
299 661 4 1
727 79 3 2
952 217 1 3
975 9 4 2
291 812 2 4
520 271 3 0
158 971 2 2
129 276 4 1
26 766 2 0
342 482 2 1
67 565 3 4
654 210 1 2
691 824 0 3
461 981 3 1
6
11 990 0 3
970 597 1 4
85 968 3 3
101 996 2 0
740 554 1 4
496 94 2 2
7
953 96 4 3
536 728 3 0
829 478 1 2
467 771 4 4
340 384 1 0
283 711 2 4
766 740 0 1
20
808 168 0 0
928 693 2 0
958 228 4 3
753 292 1 4
357 445 4 1
118 841 4 4
858 360 2 3
9 975 2 4
303 661 1 1
586 277 0 0
196 406 3 0
351 194 0 1
66 159 4 4
411 31 2 2
709 907 3 1
521 558 2 0
837 295 3 0
830 88 1 2
705 175 0 4
729 877 3 4
13
607 752 1 4
788 678 0 1
493 56 1 1
643 432 4 0
577 128 0 4
1000 587 4 1
150 387 3 0
93 943 3 1
778 352 4 1
74 627 0 0
297 120 0 4
21 470 1 0
768 987 0 0
8
353 629 0 4
431 851 0 2
460 668 1 4
374 641 2 1
563 413 3 3
66 93 4 3
165 305 2 2
848 22 3 0
10
874 447 0 4
16 254 1 3
562 243 1 2
978 293 4 2
668 954 4 4
868 549 1 2
479 995 2 1
341 923 4 2
641 230 1 3
3 27 0 3
8
507 620 4 4
575 716 3 0
635 593 4 0
923 520 2 3
925 251 1 1
483 455 3 3
286 269 2 3
2 395 0 4
8
273 304 3 4
816 14 0 0
630 647 3 2
223 345 3 1
479 410 2 1
687 266 1 0
487 489 4 4
815 437 2 4
9
974 30 2 3
54 740 0 1
398 546 4 4
474 723 3 3
492 839 0 3
700 450 2 2
608 376 4 1
843 372 2 1
119 905 1 0
13
698 935 2 2
61 867 1 1
518 601 1 1
747 496 2 2
941 276 3 1
451 398 0 4
131 298 1 4
775 279 1 4
705 273 0 3
140 165 2 2
697 64 1 3
64 686 3 2
698 683 2 3
17
752 847 4 1
998 179 0 0
741 433 4 0
74 573 0 1
739 293 0 2
806 361 1 0
835 560 4 0
414 875 2 1
867 487 1 4
920 43 0 4
530 204 3 0
857 82 3 0
392 970 1 1
459 692 0 2
216 593 0 0
73 496 2 2
219 141 3 1
1
187 161 0 0
17
476 129 0 4
630 225 3 0
45 133 0 2
15 509 3 3
891 241 2 3
952 921 1 2
765 566 0 4
980 137 3 0
481 47 0 3
656 930 1 0
953 193 4 2
28 940 1 3
571 658 1 4
751 907 0 1
188 411 3 2
206 549 0 2
752 584 4 0
16
374 24 2 3
916 777 4 1
535 720 0 0
929 65 3 2
469 500 3 4
469 777 3 1
173 294 3 3
400 145 4 0
181 127 1 0
794 153 3 4
374 208 2 3
889 266 4 0
293 747 2 2
656 271 1 0
393 371 1 0
212 646 1 2
8
189 792 3 3
349 378 0 0
601 280 1 0
458 254 0 3
305 90 2 3
452 947 0 4
100 856 4 1
591 262 2 2
3
290 216 1 0
619 90 3 3
969 270 2 3
15
867 894 1 3
193 154 2 1
905 17 0 0
602 602 4 4
590 390 3 3
686 682 2 2
753 33 1 1
575 993 3 3
760 18 3 0
609 95 3 2
663 124 4 2
78 587 2 1
655 375 3 2
599 215 0 2
222 805 4 2
4
461 478 3 2
922 543 0 1
59 189 2 3
756 984 1 0
13
369 290 1 1
464 644 2 4
590 705 3 0
84 858 1 2
789 10 0 0
109 366 1 1
522 175 3 4
842 470 4 0
2 692 0 2
546 895 4 3
351 202 0 1
861 994 0 2
554 662 4 1
13
440 316 3 0
209 62 0 1
961 889 4 4
224 423 0 4
514 609 2 3
964 373 3 4
621 4 0 0
116 531 0 1
802 330 1 1
270 671 3 0
732 972 2 1
5 483 3 3
374 858 2 2
19
599 284 0 3
226 152 1 2
144 341 1 4
538 227 2 1
935 302 2 2
114 261 1 0
168 955 0 4
785 125 2 3
965 270 4 3
698 533 2 1
967 826 1 0
530 484 3 2
577 40 0 2
505 133 0 2
473 200 1 3
139 101 0 2
427 773 0 0
226 2 1 0
515 415 3 1
14
270 903 3 1
284 120 3 4
371 79 0 2
424 704 4 2
928 754 2 3
904 362 2 1
586 966 0 3
159 671 4 0
878 731 1 4
176 782 2 2
554 213 4 4
370 494 3 3
971 341 2 4
889 287 4 0
13
75 505 2 0
369 239 1 0
361 302 0 2
848 503 3 2
511 367 2 1
187 267 0 1
854 808 2 0
431 853 0 3
395 119 4 1
61 463 1 4
251 38 1 0
77 343 1 4
421 887 3 0
14
34 281 2 4
854 43 2 4
274 763 0 1
40 579 2 3
386 347 4 0
777 44 1 1
630 164 3 1
771 733 4 2
135 390 2 3
634 503 4 2
900 699 4 4
805 352 2 1
36 371 2 0
871 188 2 3
16
525 851 0 2
607 614 1 4
594 46 0 4
548 495 2 3
591 830 2 1
827 594 2 0
495 993 3 3
746 946 3 4
146 536 0 3
91 410 2 1
327 282 1 2
662 497 1 0
241 541 3 4
523 529 0 0
345 935 1 2
542 321 2 4
7
786 903 0 1
506 926 3 2
94 748 2 1
46 516 4 3
201 398 0 4
540 170 0 2
650 61 4 1
20
94 515 2 3
121 976 1 0
43 892 4 0
390 986 3 3
226 923 1 2
386 689 4 0
967 393 1 1
527 654 3 1
890 201 1 0
352 474 1 3
56 818 1 1
465 994 0 2
261 524 0 0
783 883 4 3
8 7 2 2
969 277 2 0
156 694 0 4
482 84 1 1
311 307 0 4
244 297 2 0
4
468 491 3 4
336 418 2 2
299 859 4 3
51 119 0 1
19
918 523 2 0
643 950 4 3
38 86 0 4
735 676 4 3
708 396 2 2
813 757 2 2
834 99 0 0
455 424 3 4
507 475 4 3
255 228 2 3
165 300 2 3
18 571 0 1
656 187 1 0
254 791 3 2
518 212 1 1
836 468 2 3
495 25 3 3
36 245 2 3
415 264 1 4
1
955 102 4 0
18
981 8 1 2
693 432 0 0
291 834 2 0
136 912 1 0
470 427 0 0
972 918 1 2
682 196 2 3
150 606 3 0
487 746 4 3
261 13 0 0
789 585 0 3
373 879 4 0
688 21 1 1
377 618 1 1
387 871 0 2
172 794 1 3
572 404 3 0
492 815 0 2
5
418 316 2 0
944 370 2 3
539 429 0 1
162 52 4 2
212 792 1 3
12
281 992 4 2
570 490 0 0
645 965 3 4
220 457 3 2
761 416 0 1
790 530 3 3
862 148 1 4
464 432 2 0
910 189 3 3
109 291 1 2
376 395 1 4
244 727 2 3
18
498 196 1 3
942 676 0 3
526 811 2 0
42 791 1 2
860 427 1 0
71 192 1 2
652 202 0 1
285 516 4 3
634 540 4 0
787 129 3 4
428 439 1 4
454 239 4 0
518 19 1 1
210 512 2 1
529 124 0 2
960 461 3 3
962 13 0 0
597 247 4 3
14
867 651 1 4
159 123 4 3
755 976 3 0
27 258 3 0
137 276 0 1
941 785 3 2
414 345 2 1
345 429 1 1
989 387 1 0
738 604 3 3
746 398 3 4
210 32 2 2
175 351 4 0
285 152 4 2
17
283 416 2 1
425 235 1 4
627 52 0 2
913 854 2 2
105 385 1 2
476 397 0 3
588 696 0 1
103 552 1 3
199 729 1 3
322 157 1 4
649 765 2 0
275 854 0 2
445 97 1 1
493 346 1 0
137 280 0 0
736 614 1 4
251 468 1 3
1
400 48 4 1
13
506 992 3 2
574 54 3 0
301 660 3 2
265 953 1 4
314 334 1 2
475 509 3 3
807 996 2 0
956 394 0 3
903 235 1 4
890 906 1 1
371 441 0 4
481 691 0 0
5 134 3 1
7
742 900 3 4
566 483 4 3
115 962 0 0
910 372 3 1
303 17 1 0
448 790 2 3
307 835 4 4
20
808 682 0 2
345 549 1 2
377 783 1 4
99 534 0 0
96 688 3 1
351 135 0 2
284 603 3 1
869 448 1 2
766 139 0 0
582 224 2 0
515 255 3 2
332 498 1 1
549 719 2 4
597 901 4 4
904 644 2 4
609 303 3 1
298 259 4 3
147 101 3 2
756 646 1 2
133 753 2 1
13
671 299 0 4
873 54 3 0
226 426 1 2
200 880 3 4
910 785 3 2
235 225 4 0
687 797 1 1
618 422 1 3
419 987 0 0
617 915 2 2
142 879 3 0
801 221 2 2
461 793 3 0
8
328 740 4 1
111 522 0 3
212 340 1 1
213 243 4 2
410 949 1 4
417 818 3 1
349 123 0 3
435 371 0 0
16
840 593 3 0
89 67 2 3
574 745 3 3
61 865 1 1
223 1000 3 4
688 973 1 0
379 608 2 4
98 874 4 0
517 294 2 3
372 793 1 0
507 8 4 2
472 893 0 2
304 437 4 4
194 537 1 0
695 375 4 2
371 702 0 1
14
812 947 4 4
529 253 0 2
91 728 2 0
313 113 3 2
745 791 3 2
222 898 4 3
307 846 4 1
413 541 3 4
653 139 3 0
704 86 2 4
873 37 3 3
290 862 1 1
140 189 2 3
840 109 3 1
10
760 211 3 3
533 642 1 4
508 618 1 1
227 603 1 1
900 605 4 4
1 686 2 2
186 956 2 0
900 406 4 0
280 973 0 0
912 26 0 2
20
629 627 4 0
299 701 4 1
846 349 1 0
256 950 2 3
750 874 0 0
95 174 2 3
528 193 3 2
126 64 2 3
428 852 1 1
695 398 4 4
713 980 0 3
426 966 2 3
851 608 2 4
493 606 1 0
256 562 2 1
567 401 2 1
636 414 1 2
970 893 1 2
708 160 2 2
846 224 1 0
19
17 90 0 3
856 48 1 1
221 125 2 3
260 25 2 3
805 539 2 0
714 626 2 3
404 155 0 1
557 295 4 0
159 77 4 1
802 127 1 0
910 985 3 1
656 289 1 4
282 850 2 2
809 777 0 1
674 18 4 0
505 143 0 3
502 311 0 0
203 296 2 2
719 979 4 3
18
327 241 1 3
897 755 1 3
940 398 3 4
507 252 4 2
452 904 0 2
889 49 4 4
313 226 3 1
835 235 4 4
88 587 2 1
960 93 3 3
792 921 3 2
223 741 3 4
450 558 2 0
587 586 1 0
884 953 3 4
835 112 4 0
96 572 3 3
119 518 1 1
10
534 695 0 4
160 22 2 0
580 61 3 1
174 151 3 3
568 595 4 0
360 189 3 3
590 55 3 0
60 62 2 1
863 491 0 4
934 340 0 1
8
176 874 2 0
639 257 3 3
331 977 2 3
418 259 2 3
552 606 3 0
248 7 3 2
243 140 2 2
817 449 0 0
17
582 72 2 3
326 91 2 2
90 620 3 4
414 403 2 4
331 134 2 1
617 712 2 0
625 850 0 2
117 380 4 0
823 950 2 3
537 469 0 3
993 703 3 0
570 544 0 3
200 91 3 2
415 42 1 1
220 978 3 4
722 438 4 4
93 262 3 2
2
64 685 3 2
649 648 2 3
8
469 109 3 1
419 275 0 0
299 166 4 4
852 563 1 3
277 204 0 0
174 78 3 2
253 765 2 0
595 684 0 0
4
407 305 4 2
258 812 0 4
819 884 0 3
227 670 1 3
13
829 438 1 4
270 16 3 1
519 571 1 1
384 302 0 2
985 807 1 2
855 189 3 3
189 968 3 3
127 925 0 1
645 242 3 0
23 70 2 0
404 511 0 2
290 519 1 1
624 69 0 4
13
673 426 4 2
393 470 1 0
826 967 0 1
609 215 3 2
373 839 4 3
167 917 4 3
734 975 4 4
450 953 2 4
347 949 0 4
135 490 2 0
7 360 2 3
532 469 4 3
584 97 0 1
17
649 320 2 0
370 391 3 4
845 136 1 1
361 210 0 2
201 168 0 0
488 20 1 2
534 460 0 1
397 152 3 2
907 81 1 3
977 462 3 0
589 605 3 4
31 36 2 2
345 43 1 4
996 586 0 0
345 214 1 3
125 466 3 0
226 109 1 1
17
198 998 4 0
237 796 2 0
124 82 2 0
252 4 2 0
885 694 2 4
913 60 2 2
323 652 2 0
98 819 4 0
488 967 1 1
373 656 4 1
51 930 0 0
472 684 0 0
110 273 2 3
307 332 4 1
195 544 0 3
523 746 0 3
869 279 1 4
18
695 178 4 2
654 114 1 1
7 134 2 1
795 921 3 2
569 331 4 2
573 509 1 3
401 860 1 1
475 800 3 3
979 497 3 0
646 343 2 4
990 477 3 3
280 109 0 1
75 595 2 0
896 373 3 4
201 679 0 0
268 212 2 1
759 377 0 1
129 269 4 3
9
443 409 4 1
862 207 1 3
676 337 3 2
663 630 4 3
726 254 2 3
131 757 1 2
865 140 1 2
959 213 4 4
634 443 4 4
19
77 726 1 2
358 336 0 2
402 433 4 0
25 584 3 0
23 387 2 0
350 57 1 3
177 914 4 1
892 741 0 4
994 75 2 2
285 652 4 0
752 993 4 3
107 328 3 4
625 616 0 4
830 898 1 3
660 363 2 3
924 365 3 3
943 305 1 2
845 255 1 2
561 118 3 4
6
216 580 0 3
286 650 2 4
228 313 3 3
989 897 1 1
954 575 4 3
986 973 3 0
7
73 914 2 1
469 237 3 2
483 512 1 3
609 388 3 2
897 202 1 2
224 483 3 0
940 423 3 4
18
591 842 2 4
228 819 3 0
658 481 4 0
942 201 0 0
599 927 0 3
865 170 1 2
202 513 1 1
983 900 2 4
757 382 2 2
317 906 1 1
540 552 0 3
975 240 4 0
242 830 0 1
724 828 3 2
805 200 2 3
388 633 2 3
132 105 3 1
933 857 2 3
8
2 85 0 3
318 968 0 3
33 658 1 4
501 383 3 2
933 926 2 2
767 249 3 2
764 758 4 0
422 555 3 3
15
921 440 2 3
127 257 0 3
13 595 0 0
86 136 4 1
564 814 4 2
497 129 0 4
518 159 1 4
184 740 2 1
841 318 4 0
851 225 2 0
892 781 0 3
287 382 0 2
457 914 2 1
847 101 1 2
744 59 2 2
12
392 728 1 0
253 184 2 2
596 8 3 2
129 372 4 1
919 628 2 0
108 666 0 1
328 651 4 4
25 532 3 4
122 717 4 2
972 947 1 4
156 154 0 1
550 372 4 1
20
646 992 2 2
989 38 1 0
937 390 0 3
293 172 2 1
178 995 2 1
257 844 3 3
651 18 4 0
890 234 1 0
583 239 2 0
596 528 3 3
688 19 1 1
578 753 2 1
166 702 4 1
965 710 4 4
834 28 0 1
476 536 0 3
16 711 1 4
412 571 4 1
827 868 2 1
73 442 2 0
10
661 653 1 3
957 832 3 3
402 132 4 3
388 433 2 0
701 747 1 2
63 353 1 0
265 5 1 3
468 15 3 3
590 164 3 1
411 798 2 3
15
721 801 4 2
371 568 0 4
211 391 3 4
930 656 0 1
995 655 1 3
20 735 2 4
872 859 4 3
852 526 1 2
54 754 0 3
263 336 3 2
162 407 4 4
81 23 3 2
864 519 3 1
356 24 1 3
37 71 3 1
19
848 521 3 2
304 588 4 0
370 876 3 0
328 628 4 0
918 577 2 0
134 485 1 3
39 271 0 0
770 34 4 2
264 756 4 1
102 380 0 0
524 109 0 1
125 333 3 1
746 337 3 2
935 953 2 4
401 228 1 3
782 188 2 3
710 150 4 3
856 326 1 2
855 451 3 0
5
403 50 4 1
695 156 2 0
403 695 4 2
174 982 3 2
695 403 2 4
3
439 220 4 3
655 921 3 2
293 345 2 1
13
491 303 4 1
514 381 2 3
699 739 4 0
182 329 1 1
526 493 2 1
413 739 3 0
405 117 0 4
381 552 3 3
69 828 4 2
185 251 1 1
848 906 3 1
352 51 1 0
349 558 0 0
19
787 394 3 3
947 720 4 0
595 258 0 0
508 540 1 0
576 161 2 0
652 726 0 2
453 20 0 2
996 206 0 0
651 69 4 4
458 612 0 2
661 644 1 4
778 620 4 4
89 58 2 2
700 535 2 0
499 663 0 4
625 278 0 1
716 331 0 2
715 872 0 4
690 761 0 0
9
866 309 3 4
608 204 4 0
790 366 3 1
955 984 4 0
860 475 1 3
800 26 3 2
828 211 2 3
78 515 2 3
182 699 1 4
7
86 1 4 2
86 349 4 0
342 86 3 4
416 409 1 1
86 75 4 2
342 1 3 2
314 1 1 2
1
476 286 0 2
14
992 553 2 1
246 339 2 1
167 594 4 0
946 963 4 4
208 415 3 1
482 802 1 1
717 860 2 1
758 250 0 1
61 75 1 2
450 477 2 3
153 831 4 4
673 134 4 1
441 532 4 4
524 235 0 4
3
506 583 3 2
392 712 1 0
313 289 3 4
15
938 590 4 3
591 707 2 4
383 275 2 0
83 317 2 1
885 636 2 1
806 525 1 0
894 294 3 3
559 242 1 0
299 898 4 3
862 716 1 0
744 247 2 3
706 134 3 1
52 566 2 4
388 258 2 0
896 678 3 1
