4
696 110 1 2
563 640 3 4
624 647 0 2
186 117 2 4
5
360 316 3 0
211 95 3 2
404 493 0 1
655 668 3 4
382 393 2 1
40
602 322 4 1
189 609 3 3
632 90 1 3
969 614 2 4
37 467 3 4
409 677 1 3
840 724 3 3
875 242 1 0
366 523 1 0
211 358 3 0
27 636 3 1
857 637 3 4
591 774 2 3
996 611 0 0
249 292 2 4
264 875 4 1
690 317 0 1
795 924 3 3
808 216 0 0
694 72 4 3
691 631 0 4
583 497 2 0
517 407 2 4
179 483 0 3
722 466 4 0
320 8 0 2
606 681 0 3
656 204 1 0
70 465 0 0
145 350 0 1
246 728 2 0
90 767 3 3
602 700 4 2
288 106 0 0
592 73 0 2
63 192 1 2
667 701 4 1
764 518 4 1
803 578 3 2
679 214 0 3
7
695 558 4 0
335 260 0 2
291 76 2 0
962 87 0 2
383 544 2 3
258 286 0 2
487 842 4 4
7
573 797 1 1
256 127 2 0
493 401 1 1
759 1 0 2
510 521 2 2
589 424 3 4
925 817 1 0
27
968 321 3 4
584 641 0 1
560 184 0 2
647 49 2 4
819 398 0 4
462 421 0 3
917 869 3 1
460 116 1 0
391 392 4 1
850 887 2 0
767 145 3 0
589 898 3 3
976 699 0 4
335 134 0 1
113 193 2 2
529 52 0 2
196 797 3 1
271 492 0 0
517 221 2 2
8 675 2 3
221 960 2 3
984 163 0 3
506 231 3 1
635 116 4 0
845 862 1 1
440 72 3 3
887 49 0 4
16
565 344 4 2
107 259 3 3
987 534 0 0
490 669 0 1
501 999 3 1
863 217 0 3
908 228 0 3
81 234 3 0
207 58 3 2
105 778 1 4
439 45 4 0
112 425 0 1
719 58 4 2
28 100 1 4
552 90 3 3
313 823 3 2
10
423 109 4 1
528 224 3 0
836 180 2 4
954 642 4 4
221 810 2 2
698 877 2 4
176 879 2 0
234 760 0 3
470 420 0 2
504 429 0 1
10
604 498 3 1
368 365 2 3
541 728 4 0
219 548 3 2
398 773 4 0
623 863 2 0
339 587 1 1
56 718 1 1
355 187 1 0
992 569 2 4
26
238 139 1 0
364 75 3 2
51 834 0 0
62 917 1 3
526 401 2 1
373 663 4 4
417 587 3 1
808 30 0 3
209 869 0 1
217 866 3 3
143 536 3 3
524 313 0 3
545 88 4 2
456 11 4 0
605 417 4 3
457 37 2 3
633 346 3 0
679 145 0 0
770 265 4 1
118 850 4 2
879 990 0 3
731 293 4 2
786 140 0 2
736 962 1 0
587 986 1 3
621 619 0 3
24
799 907 4 1
604 580 3 3
132 14 3 0
512 802 1 1
795 30 3 3
156 855 0 3
645 18 3 0
52 410 2 1
394 178 3 2
404 753 0 1
881 199 2 1
562 481 1 0
400 553 4 1
622 921 0 2
45 676 0 3
59 932 2 0
370 912 3 0
215 721 2 4
391 940 4 3
334 385 2 2
826 407 0 4
61 308 1 2
89 90 2 3
698 880 2 4
8
965 105 4 1
135 782 2 2
820 418 4 2
699 306 4 2
118 654 4 1
169 315 4 1
27 687 3 1
920 805 0 2
31
463 52 4 2
559 942 1 0
41 971 0 2
73 798 2 3
972 852 1 1
706 572 3 3
758 143 0 3
216 972 0 1
853 676 3 3
153 144 4 1
337 964 2 3
702 124 1 2
293 854 2 2
120 716 4 0
700 95 2 2
746 3 3 0
224 513 0 1
870 361 0 0
597 855 4 3
515 248 3 3
292 642 4 4
396 331 2 2
20 979 2 3
468 98 3 4
852 894 1 3
342 23 2 2
699 599 4 0
41 287 0 0
815 835 2 4
600 189 3 3
996 325 0 0
39
65 165 2 2
724 425 3 1
152 262 2 2
550 511 4 2
208 618 3 1
388 435 2 0
370 408 3 2
201 786 0 0
653 232 3 2
711 656 4 1
395 716 4 0
400 334 4 2
474 857 3 3
334 454 2 4
217 845 3 1
487 655 4 3
980 994 3 2
345 116 1 0
527 8 3 2
294 726 3 2
371 402 0 4
844 562 3 1
487 334 4 2
572 77 3 1
999 272 1 1
748 548 1 2
489 496 4 2
531 65 1 2
930 359 0 0
105 143 1 3
396 377 2 1
537 118 0 4
834 973 0 0
812 282 4 2
218 744 3 2
194 950 1 3
341 814 4 2
119 326 1 2
182 610 1 0
32
442 620 0 4
950 65 3 2
790 190 3 3
475 917 3 3
886 730 2 4
436 817 2 0
703 90 0 3
854 5 2 3
353 468 0 3
807 720 2 0
512 413 1 3
944 271 2 0
538 25 2 3
141 289 1 4
603 801 1 2
873 522 3 3
660 73 2 2
694 130 4 1
410 989 1 1
706 266 3 0
794 575 3 3
525 170 0 2
370 72 3 3
279 114 4 1
83 9 2 2
926 67 2 3
762 708 3 2
685 208 2 3
606 348 0 4
73 175 2 4
485 294 3 3
973 510 0 2
31
818 933 1 2
707 563 4 3
586 439 0 4
421 792 3 3
573 397 1 3
384 595 0 0
480 559 0 1
897 104 1 0
227 134 1 1
951 196 0 3
508 491 1 4
234 975 0 4
442 254 0 3
891 287 2 0
911 235 4 4
999 359 1 0
530 70 3 0
264 574 4 3
593 511 0 2
106 756 0 1
952 449 1 0
967 928 1 2
312 724 4 3
544 308 3 2
839 346 3 0
785 474 2 3
679 991 0 4
120 576 4 2
158 473 2 1
745 870 3 0
506 623 3 2
25
737 647 0 2
918 541 2 4
207 422 3 3
151 110 3 2
363 875 3 1
212 851 1 2
563 931 3 2
89 563 2 3
412 464 4 2
951 150 0 3
815 883 2 3
331 606 2 0
837 357 3 4
62 319 1 3
486 258 2 0
829 736 1 1
855 386 3 4
721 510 4 2
754 277 3 0
865 44 1 1
215 963 2 4
603 920 1 0
369 925 1 1
370 156 3 0
395 107 4 3
8
728 977 0 3
395 237 4 2
353 122 0 4
275 112 0 0
536 587 3 1
107 514 3 2
529 456 0 4
250 706 1 3
30
707 851 4 2
642 488 4 1
519 195 1 0
169 386 4 4
805 762 2 3
618 210 1 2
701 652 1 0
18 372 0 1
370 955 3 4
103 852 1 1
36 555 2 3
955 32 4 2
217 505 3 0
520 456 3 4
357 865 4 1
749 491 3 4
597 843 4 2
471 639 2 3
764 56 4 1
835 132 4 3
317 903 1 1
527 110 3 2
855 935 3 2
880 302 4 2
374 1000 2 4
270 276 3 1
414 10 2 0
292 586 4 0
603 281 1 4
652 288 0 0
20
196 568 3 4
959 125 4 3
648 634 3 4
412 372 4 1
950 52 3 2
684 451 0 0
414 964 2 3
310 668 1 4
663 127 4 0
138 91 1 2
84 575 1 3
44 493 1 1
564 455 4 3
76 926 0 2
469 723 3 3
541 744 4 2
286 260 2 2
615 343 3 4
632 625 1 0
516 474 3 3
9
41 956 0 0
732 933 2 2
397 190 3 3
328 488 4 1
531 11 1 0
59 229 2 3
892 104 0 0
635 756 4 1
743 488 1 1
6
611 639 0 3
947 293 4 2
940 735 3 4
288 127 0 0
455 830 3 1
922 354 0 3
36
438 522 4 3
980 943 3 1
918 840 2 3
783 56 4 1
503 159 2 4
403 213 4 4
611 805 0 2
942 79 0 2
177 643 4 4
655 14 3 0
989 279 1 4
440 234 3 0
893 324 2 0
225 279 0 4
135 659 2 3
256 419 2 0
326 64 2 3
902 288 3 0
323 267 2 1
542 313 2 3
871 705 2 0
719 738 4 3
39 70 0 0
897 40 1 2
392 737 1 0
52 370 2 3
722 869 4 1
635 91 4 2
281 272 4 1
424 149 4 0
942 761 0 0
921 428 2 1
493 403 1 4
376 948 1 4
200 912 3 0
824 743 3 1
24
868 91 1 2
183 683 4 3
112 769 0 3
189 769 3 3
646 794 2 3
859 984 3 0
536 381 3 3
268 864 2 3
840 241 3 3
598 281 4 4
675 248 3 3
193 848 2 3
839 940 3 3
271 201 0 0
325 537 0 0
568 150 4 3
957 314 3 1
696 637 1 4
854 528 2 3
31 703 2 0
886 909 2 0
790 749 3 3
28 887 1 0
937 21 0 1
39
304 197 4 4
459 35 0 2
97 167 1 4
339 584 1 0
263 542 3 2
434 134 2 1
198 158 4 2
100 785 4 2
26 658 2 4
367 892 1 0
988 509 2 3
703 149 0 0
241 893 3 2
780 54 4 0
359 677 0 3
85 539 3 0
384 566 0 4
559 733 1 2
697 457 1 2
457 218 2 3
133 875 2 1
447 638 4 3
618 125 1 3
926 90 2 3
613 343 4 4
615 519 3 1
105 361 1 0
333 495 1 3
866 878 3 1
920 473 0 1
656 533 1 1
36 375 2 2
479 973 2 0
491 365 4 3
411 36 2 2
895 304 3 4
585 340 3 1
868 121 1 1
649 979 2 3
26
165 511 2 2
205 160 4 2
114 441 1 4
344 683 2 3
712 403 0 4
212 711 1 4
897 518 1 1
253 973 2 0
230 943 3 1
630 874 3 0
184 707 2 4
764 416 4 1
960 320 3 0
108 693 0 0
724 695 3 4
690 129 0 4
782 638 2 3
55 878 0 1
178 210 2 2
806 288 1 0
979 161 3 0
867 691 1 0
931 413 2 3
816 692 0 2
190 677 3 3
638 128 3 4
17
966 220 3 3
600 877 3 4
326 775 2 1
526 34 2 2
465 886 0 2
641 489 1 4
428 753 1 1
20 914 2 1
711 646 4 2
262 758 2 0
696 663 1 4
202 690 1 0
466 979 0 3
742 641 3 1
605 863 4 0
400 85 4 3
414 57 2 3
29
74 479 0 2
473 875 1 1
351 362 0 1
365 558 3 0
858 31 2 2
671 192 0 2
102 756 0 1
285 1 4 2
35 36 2 2
500 111 4 0
739 952 0 1
514 286 2 2
196 962 3 0
695 696 4 1
839 145 3 0
695 32 4 2
92 959 3 4
799 401 4 1
208 950 3 3
113 595 2 0
340 216 1 0
493 901 1 4
395 494 4 3
238 478 1 2
688 80 1 1
543 797 1 1
177 708 4 2
224 97 0 1
580 826 3 0
25
251 348 1 4
555 353 3 0
648 744 3 2
569 771 4 4
754 264 3 4
466 302 0 2
117 77 4 1
966 144 3 1
991 212 4 1
864 422 3 3
425 551 1 0
18 714 0 2
306 328 2 4
328 378 4 0
595 987 0 0
503 337 2 2
293 703 2 0
214 20 3 2
318 248 0 3
930 371 0 0
835 164 4 1
104 962 0 0
576 367 2 1
492 162 0 4
114 694 1 4
22
121 949 1 4
365 212 3 1
75 105 2 1
989 522 1 3
252 239 2 0
302 462 2 0
827 866 2 3
620 112 4 0
460 393 1 1
41 590 0 3
402 232 4 2
415 950 1 3
446 198 1 4
800 749 3 3
337 82 2 0
252 597 2 4
259 279 3 4
318 699 0 4
341 830 4 1
980 901 3 4
217 42 3 1
305 418 2 2
27
926 416 2 1
196 452 3 0
411 967 2 1
345 692 1 2
190 174 3 3
680 945 3 1
950 338 3 2
742 416 3 1
147 955 3 4
152 407 2 4
570 166 0 4
618 988 1 2
357 383 4 2
574 998 3 0
543 31 1 2
721 318 4 0
205 134 4 1
711 425 4 1
792 734 3 4
959 397 4 3
591 164 2 1
312 245 4 3
626 250 3 1
555 147 3 3
273 269 3 3
427 449 0 0
562 361 1 0
31
317 82 1 0
76 288 0 0
766 19 0 1
310 429 1 1
23 811 2 0
243 596 2 3
319 85 3 3
402 387 4 0
865 641 1 1
37 684 3 0
423 870 4 0
573 231 1 1
47 688 3 1
809 434 0 2
95 949 2 4
939 380 4 0
762 825 3 1
423 967 4 1
758 985 0 1
913 211 2 3
665 964 0 3
242 87 0 2
193 21 2 1
302 330 2 1
197 742 4 3
334 616 2 4
739 679 0 0
5 792 3 3
126 964 2 3
560 794 0 3
395 276 4 1
39
118 561 4 3
534 499 0 0
687 138 1 1
286 643 2 4
415 930 1 0
748 23 1 2
564 660 4 2
93 528 3 3
656 955 1 4
484 826 2 0
854 916 2 4
233 879 0 0
872 773 4 0
785 529 2 0
630 298 3 4
526 819 2 0
312 732 4 2
261 300 0 3
973 326 0 2
941 762 3 3
716 358 0 0
239 847 0 1
712 467 0 4
457 442 2 0
560 97 0 1
933 645 2 3
716 279 0 4
455 727 3 3
724 537 3 0
243 565 2 4
394 911 3 4
276 345 1 1
712 65 0 2
810 239 2 0
308 813 2 2
115 920 0 0
296 647 2 2
241 125 3 3
277 667 0 4
12
930 120 0 4
122 55 4 0
780 93 4 3
567 309 2 4
808 840 0 3
285 230 4 3
794 906 3 1
375 773 2 0
775 640 1 4
403 433 4 0
343 24 4 3
260 547 2 0
18
829 250 1 1
215 118 2 4
385 952 2 1
787 554 3 4
706 314 3 1
476 483 0 3
861 201 0 0
712 592 0 0
711 749 4 3
247 451 3 0
563 702 3 1
355 327 1 1
725 542 0 2
902 969 3 2
461 374 3 2
810 676 2 3
120 260 4 2
643 197 4 4
16
910 481 3 0
863 91 0 2
206 802 0 1
988 65 2 2
337 644 2 4
10 735 0 4
557 952 4 1
853 352 3 1
799 898 4 3
190 299 3 4
895 741 3 4
456 504 4 0
609 619 3 3
586 140 0 2
696 58 1 2
742 333 3 1
24
850 902 2 3
695 256 4 2
331 261 2 0
36 371 2 0
820 89 4 2
898 2 3 0
894 427 3 0
742 927 3 3
567 408 2 2
910 984 3 0
74 648 0 3
276 862 1 1
731 576 4 2
63 794 1 3
800 942 3 0
356 947 1 4
492 865 0 1
241 334 3 2
733 402 2 4
754 882 3 4
157 771 4 4
316 422 0 3
277 226 0 1
431 58 0 2
13
585 673 3 4
23 337 2 2
710 973 4 0
540 486 0 2
610 755 0 3
526 82 2 0
112 377 0 1
242 688 0 1
853 967 3 1
298 659 4 3
22 679 0 0
619 962 3 0
970 35 1 2
7
610 205 0 4
329 371 1 0
953 189 4 3
810 543 2 1
846 397 1 3
208 501 3 3
287 292 0 4
29
288 786 0 0
753 1000 1 4
971 141 2 1
45 699 0 4
386 720 4 0
285 640 4 4
977 808 3 0
195 490 0 0
8 335 2 0
336 519 2 1
935 703 2 0
784 891 1 2
108 750 0 0
146 432 0 0
942 82 0 0
50 953 1 4
60 869 2 1
52 102 2 0
967 148 1 4
399 266 0 0
345 170 1 2
916 672 4 4
225 74 0 0
874 292 0 4
333 993 1 3
80 678 1 1
186 874 2 0
326 160 2 2
618 371 1 0
40
225 410 0 1
132 831 3 4
315 383 1 2
312 254 4 3
662 5 1 3
892 470 0 0
647 428 2 1
68 518 2 1
83 223 2 3
637 403 4 4
566 482 4 1
365 688 3 1
480 55 0 0
678 50 1 1
975 453 4 0
938 3 4 0
16 934 1 0
369 25 1 3
878 564 1 4
149 290 0 1
909 495 0 3
759 869 0 1
696 429 1 1
914 976 1 0
766 774 0 3
820 218 4 3
899 859 0 3
661 277 1 0
531 363 1 3
665 706 0 3
906 506 1 3
351 96 0 3
255 862 2 1
396 890 2 1
255 702 2 1
522 164 3 1
357 666 4 1
473 330 1 1
895 289 3 4
936 405 4 0
28
939 196 4 3
459 17 0 0
20 127 2 0
378 619 0 3
930 84 0 1
376 318 1 0
811 447 0 4
346 492 0 0
941 490 3 0
271 730 0 4
131 97 1 1
601 108 1 0
889 919 4 2
679 449 0 0
685 858 2 2
129 41 4 0
218 945 3 1
122 898 4 3
298 37 4 3
203 322 2 1
527 149 3 0
426 367 2 1
958 244 4 2
558 139 0 0
928 886 2 2
117 779 4 0
783 104 4 0
612 94 2 2
17
764 442 4 0
2 532 0 4
491 617 4 2
465 751 0 0
414 930 2 0
27 672 3 4
37 389 3 3
894 383 3 2
16 554 1 4
9 94 2 2
228 7 3 2
78 675 2 3
12 630 0 3
925 972 1 1
849 753 3 1
933 414 2 2
189 869 3 1
37
186 977 2 3
496 625 2 0
445 887 1 0
641 144 1 1
970 185 1 1
915 602 2 4
877 64 4 3
325 783 0 4
415 537 1 0
353 195 0 0
97 602 1 4
231 14 1 0
167 498 4 1
821 687 0 1
756 950 1 3
949 616 4 4
203 159 2 4
419 804 0 3
248 905 3 0
289 957 4 3
556 215 3 2
690 291 0 2
311 610 0 0
991 423 4 4
365 969 3 2
145 461 0 3
384 673 0 4
796 760 0 3
709 870 3 0
179 271 0 0
934 306 0 2
734 85 4 3
91 833 2 3
765 270 0 3
278 200 1 3
464 934 2 0
642 554 4 4
37
460 991 1 4
449 548 0 2
363 388 3 2
294 538 3 2
464 857 2 3
176 408 2 2
183 865 4 1
72 416 3 1
657 264 0 4
285 348 4 4
481 623 0 2
835 435 4 0
4 513 0 1
663 408 4 2
126 144 2 1
685 888 2 2
505 41 0 0
242 792 0 3
488 617 1 2
742 665 3 0
89 363 2 3
793 337 0 2
801 951 2 0
934 151 0 3
554 504 4 0
756 723 1 3
495 601 3 1
833 831 3 4
193 869 2 1
394 262 3 2
242 275 0 0
446 888 1 2
422 50 3 1
841 199 4 1
889 759 4 0
499 401 0 1
339 432 1 0
24
930 808 0 0
379 323 2 2
413 109 3 1
224 483 0 3
959 597 4 4
671 424 0 4
104 81 0 3
136 486 1 2
726 102 2 0
46 600 4 3
616 191 4 1
622 232 0 2
860 691 1 0
402 915 4 2
950 18 3 0
676 730 3 4
678 26 1 2
713 378 0 0
165 502 2 0
468 805 3 2
3 365 0 3
340 522 1 3
943 880 1 4
820 479 4 2
4
469 196 3 3
295 301 0 3
105 177 1 4
894 781 3 3
11
446 777 1 1
69 35 4 2
484 338 2 2
147 537 3 0
118 817 4 0
403 801 4 2
978 839 4 3
125 756 3 1
692 820 2 4
866 795 3 3
677 552 3 3
4
253 403 2 4
262 10 2 0
831 598 4 4
165 805 2 2
19
375 160 2 2
457 81 2 3
900 533 4 1
939 329 4 1
756 611 1 0
52 3 2 0
4 300 0 3
239 270 0 3
724 778 3 4
757 701 2 1
449 334 0 2
618 800 1 3
79 491 2 4
339 534 1 0
426 457 2 2
679 279 0 4
177 318 4 0
791 344 2 2
144 607 1 1
11
280 473 0 1
220 835 3 4
911 806 4 1
905 975 0 4
823 958 2 4
328 259 4 3
882 866 4 3
668 562 4 1
323 154 2 1
233 157 0 4
504 472 0 0
39
160 245 2 3
49 6 4 4
922 908 0 0
907 979 1 3
688 248 1 3
944 128 2 4
188 274 3 0
446 633 1 3
519 466 1 0
575 227 3 1
64 239 3 0
332 423 1 4
711 177 4 4
585 948 3 4
371 371 0 0
997 555 4 3
365 743 3 1
281 963 4 4
719 578 4 2
474 285 3 4
308 518 2 1
645 59 3 2
204 518 0 1
958 89 4 2
628 92 0 3
748 765 1 0
401 86 1 4
116 666 0 1
983 104 2 0
9 176 2 2
866 467 3 4
717 168 2 0
528 738 3 3
511 611 2 0
777 517 1 2
785 578 2 2
364 886 3 2
700 552 2 3
319 505 3 0
18
852 66 1 4
945 672 1 4
963 81 4 3
133 510 2 2
938 252 4 2
138 117 1 4
49 981 4 1
10 300 0 3
747 110 2 2
714 982 2 2
9 12 2 0
609 619 3 3
998 956 0 0
556 489 3 4
277 920 0 0
6 928 4 2
743 485 1 3
805 695 2 4
18
380 104 0 0
670 835 3 4
780 428 4 1
481 379 0 2
881 510 2 2
709 431 3 0
915 931 2 2
466 737 0 0
533 859 1 3
261 852 0 1
151 571 3 1
841 533 4 1
107 370 3 3
874 262 0 2
697 403 1 4
69 788 4 0
183 129 4 4
199 744 1 2
9
314 337 1 2
386 985 4 1
682 797 2 1
880 722 4 4
792 15 3 3
575 799 3 4
877 155 4 1
281 675 4 3
465 631 0 4
36
20 263 2 3
20 756 2 1
18 625 0 0
279 134 4 1
326 494 2 3
934 133 0 2
112 776 0 3
689 242 0 0
529 770 0 4
151 396 3 2
993 350 3 1
314 215 1 2
134 989 1 1
632 216 1 0
875 848 1 3
262 551 2 0
672 731 4 4
99 357 0 4
891 881 2 2
343 757 4 2
427 147 0 3
711 695 4 4
917 385 3 2
501 183 3 4
542 667 2 4
840 276 3 1
675 345 3 1
453 125 0 3
455 959 3 4
113 926 2 2
498 348 1 4
372 696 1 1
755 906 3 1
987 998 0 0
826 328 0 4
51 179 0 0
36
858 37 2 3
801 756 2 1
386 970 4 1
509 707 3 4
448 652 2 0
151 731 3 4
309 70 4 0
277 998 0 0
389 65 3 2
670 398 3 4
307 893 4 2
636 24 1 3
270 344 3 2
843 186 2 2
905 574 0 3
886 221 2 2
561 397 3 3
704 513 2 1
111 291 0 2
560 180 0 4
581 990 3 3
62 71 1 1
797 144 1 1
603 389 1 3
397 101 3 2
773 153 0 4
167 43 4 4
71 587 1 1
117 933 4 2
799 662 4 1
458 955 0 4
896 105 3 1
867 754 1 3
48 248 1 3
44 396 1 2
988 350 2 1
39
563 528 3 3
65 167 2 4
975 851 4 2
594 602 0 4
57 862 3 1
752 517 4 2
851 709 2 3
416 74 1 0
535 502 0 0
123 549 3 2
169 583 4 2
852 284 1 3
449 236 0 2
956 164 0 1
833 190 3 3
900 520 4 3
79 479 2 2
247 405 3 0
7 1 2 2
793 97 0 1
801 582 2 2
711 233 4 0
730 794 4 3
596 530 3 3
778 917 4 3
198 487 4 4
377 845 1 1
371 857 0 3
534 593 0 0
51 69 0 4
670 256 3 2
59 678 2 1
733 807 2 2
355 44 1 1
532 769 4 3
781 733 3 2
912 361 0 0
602 919 4 2
987 531 0 1
19
495 433 3 0
632 361 1 0
508 80 1 1
232 393 2 1
685 613 2 4
898 384 3 0
169 951 4 0
567 670 2 3
709 298 3 4
629 210 4 2
71 3 1 0
799 658 4 4
34 315 2 1
409 149 1 0
802 746 1 3
706 552 3 3
999 169 1 4
490 281 0 4
351 339 0 1
19
755 796 3 0
601 660 1 2
286 517 2 2
713 551 0 0
930 407 0 4
170 444 2 0
288 500 0 4
351 239 0 0
389 668 3 4
317 781 1 3
252 928 2 2
155 452 1 0
703 158 0 2
877 144 4 1
850 574 2 3
933 633 2 3
108 786 0 0
862 58 1 2
266 580 0 3
38
957 2 3 0
466 144 0 1
425 473 1 1
245 547 3 0
766 297 0 0
120 195 4 0
247 819 3 0
747 594 2 0
613 949 4 4
366 234 1 0
829 288 1 0
731 674 4 4
496 592 2 0
404 802 0 1
217 960 3 3
700 140 2 2
715 706 0 3
546 969 4 2
248 457 3 2
887 597 0 4
582 83 2 2
992 649 2 2
939 934 4 0
64 227 3 1
194 669 1 1
285 764 4 4
118 470 4 0
242 230 0 3
931 476 2 0
661 239 1 0
668 389 4 3
87 246 2 2
134 975 1 4
497 625 0 0
108 963 0 4
502 65 0 2
628 182 0 1
35 858 2 2
23
832 674 3 4
555 469 3 3
795 238 3 1
670 190 3 3
738 409 3 1
45 718 0 1
51 537 0 0
186 384 2 0
227 562 1 1
616 739 4 0
788 525 0 0
211 522 3 3
85 445 3 1
17 412 0 4
534 34 0 2
484 860 2 1
343 823 4 2
253 476 2 0
612 997 2 4
822 82 3 0
631 419 4 0
11 117 0 4
722 509 4 3
22
648 327 3 1
665 734 0 4
508 230 1 3
977 436 3 2
309 330 4 1
26 874 2 0
587 752 1 4
379 840 2 3
472 765 0 0
73 476 2 0
513 531 1 1
391 909 4 0
806 584 1 0
139 645 0 3
907 532 1 4
780 376 4 1
145 548 0 2
727 509 3 3
695 912 4 0
649 952 2 1
473 133 1 2
127 673 0 4
35
47 361 3 0
613 991 4 4
399 629 0 4
286 618 2 1
669 703 1 0
706 444 3 0
131 734 1 4
421 430 3 3
125 170 3 2
548 590 2 3
896 210 3 2
991 334 4 2
630 906 3 1
642 507 4 4
731 721 4 4
809 273 0 3
264 568 4 4
389 756 3 1
161 606 0 0
591 569 2 4
693 25 0 3
143 123 3 3
242 416 0 1
745 169 3 4
610 763 0 1
381 988 3 2
318 348 0 4
826 463 0 4
333 958 1 4
999 239 1 0
201 275 0 0
678 850 1 2
558 541 0 4
84 444 1 0
256 994 2 2
33
996 712 0 0
570 601 0 1
893 234 2 0
132 596 3 3
152 614 2 4
732 976 2 0
615 105 3 1
362 321 1 4
660 320 2 0
428 619 1 3
512 265 1 1
755 92 3 3
976 533 0 1
106 840 0 3
858 118 2 4
731 425 4 1
69 897 4 1
933 907 2 1
606 111 0 0
872 810 4 2
839 670 3 3
936 681 4 3
738 607 3 1
327 880 1 4
723 572 3 3
949 729 4 3
707 752 4 4
219 407 3 4
697 138 1 1
926 451 2 0
739 639 0 3
126 812 2 4
466 852 0 1
22
194 947 1 4
765 422 0 3
816 66 0 4
901 571 4 1
684 601 0 1
834 665 0 0
243 775 2 1
268 415 2 1
22 443 0 4
930 608 0 4
371 535 0 0
256 474 2 3
738 434 3 2
201 575 0 3
797 582 1 2
790 985 3 1
634 856 4 1
784 579 1 3
928 53 2 0
207 242 3 0
564 369 4 1
903 290 1 1
39
563 532 3 4
613 37 4 3
421 899 3 0
478 221 2 2
192 116 2 0
884 280 3 0
108 927 0 3
26 504 2 0
348 82 4 0
27 806 3 1
648 596 3 3
978 400 4 4
484 713 2 0
80 717 1 2
814 203 2 2
215 406 2 0
621 145 0 0
203 147 2 3
93 638 3 3
680 719 3 4
38 577 0 0
167 738 4 3
828 565 2 4
266 841 0 4
842 804 4 3
831 763 4 1
288 981 0 1
561 802 3 1
227 750 1 0
177 149 4 0
315 392 1 1
684 798 0 3
944 70 2 0
686 684 2 0
230 745 3 3
180 335 4 0
239 756 0 1
999 820 1 4
823 422 2 3
12
892 27 0 3
305 745 2 3
725 171 0 3
566 418 4 2
444 774 0 3
939 177 4 4
485 365 3 3
483 700 3 2
354 664 3 2
936 704 4 2
724 620 3 4
543 572 1 3
32
486 231 2 1
296 201 2 0
449 96 0 3
100 238 4 1
515 877 3 4
93 415 3 1
725 989 0 1
570 306 0 2
154 339 1 1
589 788 3 0
919 216 2 0
629 438 4 4
888 586 2 0
456 662 4 1
308 51 2 0
93 478 3 2
782 961 2 4
887 798 0 3
29 197 3 4
334 393 2 1
349 338 0 2
152 326 2 2
44 204 1 0
181 654 1 1
673 387 4 0
328 28 4 1
718 642 1 4
761 854 0 2
590 864 3 3
319 151 3 3
849 979 3 3
219 46 3 4
29
643 975 4 4
510 759 2 0
2 286 0 2
419 807 0 2
486 653 2 3
382 145 2 0
129 887 4 0
941 896 3 3
862 910 1 3
618 397 1 3
823 85 2 3
838 717 0 2
415 243 1 2
474 392 3 1
753 569 1 4
938 486 4 2
964 517 3 2
855 132 3 3
843 639 2 3
703 164 0 1
285 560 4 0
178 995 2 1
118 379 4 2
676 283 3 2
512 764 1 4
722 513 4 1
674 20 4 2
435 649 0 2
10 815 0 2
20
845 210 1 2
292 280 4 0
13 597 0 4
979 11 3 0
128 733 4 2
638 561 3 3
296 498 2 1
78 271 2 0
260 960 2 3
158 573 2 1
767 358 3 0
484 431 2 0
469 518 3 1
228 543 3 1
62 246 1 2
327 921 1 2
275 42 0 1
752 987 4 0
677 964 3 3
255 518 2 1
38
546 151 4 3
661 839 1 3
249 338 2 2
281 232 4 2
947 260 4 2
926 454 2 4
947 676 4 3
910 302 3 2
721 863 4 0
56 416 1 1
414 175 2 4
421 863 3 0
661 457 1 2
887 916 0 4
748 13 1 0
37 698 3 2
438 854 4 2
671 421 0 3
671 264 0 4
619 380 3 0
923 377 2 1
770 749 4 3
643 920 4 0
107 311 3 0
277 202 0 1
185 979 1 3
95 956 2 0
259 860 3 1
823 939 2 4
456 613 4 4
50 959 1 4
460 522 1 3
711 878 4 1
676 270 3 3
239 764 0 4
106 819 0 0
764 712 4 0
805 417 2 3
27
378 81 0 3
957 527 3 3
585 62 3 1
123 924 3 3
601 488 1 1
918 76 2 0
57 962 3 0
532 825 4 1
843 679 2 0
63 776 1 3
268 407 2 4
486 734 2 4
747 970 2 1
714 74 2 0
303 60 1 2
948 678 4 1
592 309 0 4
900 363 4 3
912 827 0 2
380 785 0 2
155 807 1 2
427 560 0 0
721 337 4 2
541 142 4 3
196 1 3 2
151 405 3 0
916 763 4 1
25
407 688 4 1
550 837 4 3
961 424 4 4
529 931 0 2
137 558 0 0
490 767 0 3
446 106 1 0
861 490 0 0
67 180 3 4
885 156 2 0
223 436 3 2
346 876 0 0
20 38 2 0
39 254 0 3
785 770 2 4
982 219 2 3
958 927 4 3
459 575 0 3
196 448 3 2
338 483 2 3
367 526 1 2
94 138 2 1
82 244 0 2
278 81 1 3
453 90 0 3
14
624 204 0 0
465 888 0 2
437 903 4 1
214 189 3 3
295 857 0 3
226 500 1 4
864 720 3 0
613 260 4 2
932 233 0 0
802 282 1 2
750 749 0 3
614 698 4 2
74 355 0 1
890 980 1 3
29
779 64 0 3
829 1000 1 4
637 155 4 1
951 180 0 4
364 39 3 0
822 591 3 2
218 327 3 1
463 116 4 0
464 797 2 1
311 737 0 0
770 788 4 0
301 114 3 1
806 369 1 1
373 379 4 2
271 448 0 2
18 706 0 3
962 819 0 0
839 203 3 2
36 285 2 4
643 949 4 4
214 933 3 2
775 82 1 0
486 966 2 3
236 884 2 3
843 883 2 3
710 194 4 1
125 256 3 2
871 290 2 1
990 147 3 3
17
960 145 3 0
129 108 4 0
405 101 0 2
614 896 4 3
587 742 1 3
540 520 0 3
940 481 3 0
956 363 0 3
258 946 0 4
75 256 2 2
66 676 4 3
987 5 0 3
178 148 2 4
979 436 3 2
73 554 2 4
449 107 0 3
374 716 2 0
27
574 504 3 0
713 885 0 2
715 836 0 2
543 692 1 2
754 309 3 4
386 441 4 4
175 38 4 0
466 282 0 2
526 547 2 0
815 482 2 1
585 990 3 3
948 401 4 1
353 213 0 4
909 414 0 2
334 888 2 2
806 304 1 4
269 760 3 3
377 452 1 0
517 443 2 4
180 913 4 2
838 524 0 0
661 823 1 2
447 216 4 0
818 910 1 3
522 459 3 0
41 675 0 3
246 905 2 0
25
21 576 1 2
696 356 1 1
278 240 1 0
26 985 2 1
645 35 3 2
833 402 3 4
424 2 4 0
323 199 2 1
38 534 0 0
46 332 4 1
514 566 2 4
332 686 1 2
572 216 3 0
511 462 2 0
802 208 1 3
16 503 1 2
404 215 0 2
984 554 0 4
637 330 4 1
266 147 0 3
373 150 4 3
552 479 3 2
84 165 1 2
857 692 3 2
128 608 4 4
37
966 975 3 4
514 303 2 1
130 920 1 0
788 105 0 1
16 212 1 1
658 574 4 3
490 818 0 1
417 192 3 2
939 376 4 1
659 113 3 2
902 182 3 1
601 103 1 1
596 588 3 0
371 585 0 3
273 811 3 0
207 422 3 3
548 937 2 0
724 925 3 1
33 750 1 0
938 598 4 4
653 268 3 2
337 496 2 2
766 723 0 3
178 628 2 0
292 642 4 4
69 326 4 2
655 218 3 3
696 755 1 3
830 476 1 0
320 566 0 4
337 627 2 0
431 701 0 1
836 716 2 0
539 385 0 2
9 746 2 3
239 811 0 0
609 446 3 1
40
793 246 0 2
315 838 1 0
391 968 4 3
7 717 2 2
507 914 4 1
334 807 2 2
729 912 3 0
993 919 3 2
101 920 2 0
28 333 1 1
383 402 2 4
437 537 4 0
111 228 0 3
983 142 2 3
82 543 0 1
630 60 3 2
222 192 4 2
269 145 3 0
751 508 0 1
44 150 1 3
564 35 4 2
62 906 1 1
723 807 3 2
446 941 1 3
57 137 3 0
41 267 0 1
822 784 3 1
878 883 1 3
517 824 2 3
426 562 2 1
417 243 3 2
825 345 1 1
562 590 1 3
767 304 3 4
47 203 3 2
772 365 1 3
126 446 2 1
733 717 2 2
7 934 2 0
503 158 2 2
6
570 815 0 2
383 759 2 0
701 645 1 3
132 964 3 3
399 831 0 4
697 634 1 4
10
10 778 0 4
522 174 3 3
731 238 4 1
131 689 1 0
299 774 4 3
572 303 3 1
977 717 3 2
511 937 2 0
177 741 4 4
82 173 0 3
10
643 535 4 0
2 366 0 1
585 970 3 1
630 346 3 0
247 555 3 3
423 301 4 3
197 457 4 2
858 574 2 3
6 111 4 0
387 277 0 0
36
691 329 0 1
116 917 0 3
137 101 0 2
855 791 3 2
622 247 0 3
982 693 2 0
336 45 2 0
99 806 0 1
995 865 1 1
758 462 0 0
838 526 0 2
423 971 4 2
420 519 2 1
99 566 0 4
207 540 3 0
423 12 4 0
471 442 2 0
891 569 2 4
415 69 1 4
21 296 1 2
728 468 0 3
822 424 3 4
544 50 3 1
130 38 1 0
578 756 2 1
553 715 1 0
913 420 2 2
258 867 0 1
135 265 2 1
559 90 1 3
95 233 2 0
796 698 0 2
35 444 2 0
785 173 2 3
975 454 4 4
967 643 1 4
12
736 423 1 4
865 345 1 1
332 374 1 2
678 68 1 2
355 205 1 4
355 854 1 2
564 996 4 0
655 189 3 3
84 575 1 3
36 955 2 4
357 624 4 0
753 971 1 2
13
916 53 4 0
476 451 0 0
490 141 0 1
870 87 0 2
861 362 0 1
673 879 4 0
707 162 4 4
636 130 1 1
935 153 2 4
59 171 2 3
185 595 1 0
154 412 1 4
389 25 3 3
15
76 112 0 0
478 140 2 2
511 342 2 2
717 881 2 2
48 41 1 0
33 232 1 2
365 812 3 4
776 298 3 4
575 670 3 3
445 999 1 1
261 514 0 2
97 459 1 0
276 971 1 2
973 628 0 0
781 917 3 3
38
447 611 4 0
735 445 4 1
114 839 1 3
828 66 2 4
780 130 4 1
696 5 1 3
649 310 2 1
520 632 3 1
378 345 0 1
498 900 1 4
313 336 3 2
956 295 0 0
289 380 4 0
776 311 3 0
900 683 4 3
317 902 1 3
879 93 0 3
761 697 0 1
632 17 1 0
322 566 1 4
648 284 3 3
100 698 4 2
99 406 0 0
532 981 4 1
899 889 0 4
11 859 0 3
829 30 1 3
479 463 2 4
643 182 4 1
739 182 0 1
792 329 3 1
527 565 3 4
195 391 0 4
74 567 0 2
619 449 3 0
811 927 0 3
848 451 3 0
408 431 2 0
18
200 269 3 3
155 299 1 4
818 590 1 3
221 79 2 2
61 952 1 1
302 628 2 0
646 545 2 4
525 876 0 0
221 376 2 1
679 415 0 1
484 999 2 1
411 582 2 2
835 509 4 3
88 170 2 2
330 208 1 3
46 899 4 0
330 543 1 1
190 925 3 1
32
358 7 0 2
60 247 2 3
203 790 2 3
16 753 1 1
669 657 1 0
99 793 0 0
972 896 1 3
999 976 1 0
707 904 4 2
150 739 3 0
634 61 4 1
169 573 4 1
608 132 4 3
953 958 4 4
614 771 4 4
596 400 3 4
511 381 2 3
351 441 0 4
859 613 3 4
387 690 0 0
931 102 2 0
858 99 2 0
118 356 4 1
40 104 2 0
458 723 0 3
174 213 3 4
639 499 3 0
145 385 0 2
133 732 2 2
289 386 4 4
494 380 3 0
790 581 3 3
5
914 645 1 3
143 117 3 4
574 577 3 0
326 79 2 2
167 228 4 3
37
484 952 2 1
356 992 1 2
777 376 1 1
731 684 4 0
456 588 4 0
294 609 3 3
842 900 4 4
151 960 3 3
490 623 0 2
30 123 3 3
877 563 4 3
42 221 1 2
278 237 1 2
805 360 2 3
550 217 4 3
366 284 1 3
864 999 3 1
120 178 4 2
402 66 4 4
336 30 2 3
944 142 2 3
436 282 2 2
499 557 0 4
694 621 4 0
55 214 0 3
904 239 2 0
218 52 3 2
457 911 2 4
263 926 3 2
109 980 1 3
723 352 3 1
51 36 0 2
71 997 1 4
481 156 0 0
995 6 1 4
946 189 4 3
772 124 1 2
31
559 189 1 3
966 267 3 1
933 169 2 4
215 471 2 2
349 376 0 1
560 319 0 3
625 911 0 4
949 380 4 0
679 426 0 2
119 936 1 4
761 213 0 4
22 321 0 4
754 560 3 0
224 988 0 2
150 32 3 2
682 723 2 3
165 866 2 3
865 9 1 2
396 211 2 3
621 225 0 0
919 980 2 3
412 151 4 3
391 889 4 4
759 318 0 0
628 399 0 0
763 769 1 3
79 189 2 3
982 245 2 3
431 452 0 0
115 475 0 3
830 456 1 4
36
428 919 1 2
489 147 4 3
397 878 3 1
595 917 0 3
865 723 1 3
72 531 3 1
446 453 1 0
328 351 4 0
623 271 2 0
359 151 0 3
361 138 0 1
580 209 3 0
698 647 2 2
34 380 2 0
91 615 2 3
200 334 3 2
102 25 0 3
59 855 2 3
274 231 0 1
123 745 3 3
35 837 2 3
314 139 1 0
647 502 2 0
201 824 0 3
691 717 0 2
965 817 4 0
548 502 2 0
271 732 0 2
434 663 2 4
161 462 0 0
63 214 1 3
227 668 1 4
349 848 0 3
142 490 3 0
772 362 1 1
760 543 3 1
27
112 438 0 4
621 255 0 2
960 760 3 3
128 383 4 2
50 389 1 3
43 951 4 0
294 535 3 0
417 707 3 4
370 186 3 2
726 715 2 0
463 190 4 3
699 317 4 1
799 180 4 4
568 609 4 3
29 830 3 1
641 669 1 1
816 150 0 3
184 985 2 1
53 848 0 3
259 573 3 1
145 252 0 2
825 894 1 3
312 979 4 3
94 39 2 0
429 867 1 1
728 692 0 2
494 869 3 1
38
530 602 3 4
748 724 1 3
971 26 2 2
864 685 3 2
493 434 1 2
424 486 4 2
866 187 3 0
95 699 2 4
258 54 0 0
933 400 2 4
900 702 4 1
749 6 3 4
716 139 0 0
607 280 1 0
326 399 2 0
684 817 0 0
424 782 4 2
599 667 0 4
302 215 2 2
403 758 4 0
55 649 0 2
695 708 4 2
629 460 4 1
735 557 4 4
498 486 1 2
420 364 2 3
813 78 2 2
915 837 2 3
100 504 4 0
66 961 4 4
620 661 4 1
415 184 1 2
395 174 4 3
899 433 0 0
47 238 3 1
572 529 3 0
719 10 4 0
856 789 1 0
31
421 149 3 0
702 505 1 0
612 829 2 1
529 903 0 1
658 863 4 0
479 485 2 3
793 825 0 1
368 674 2 4
494 529 3 0
415 256 1 2
903 603 1 1
193 217 2 3
428 716 1 0
160 33 2 1
128 286 4 2
911 331 4 2
674 380 4 0
593 387 0 0
676 53 3 0
370 659 3 3
975 581 4 3
793 473 0 1
473 815 1 2
752 78 4 2
828 943 2 1
986 793 3 0
196 179 3 0
200 457 3 2
237 882 2 4
240 890 0 1
335 493 0 1
35
662 239 1 0
482 58 1 2
277 411 0 2
895 100 3 4
511 721 2 4
667 741 4 4
966 516 3 3
456 918 4 2
497 621 0 0
757 550 2 4
147 554 3 4
208 690 3 0
171 133 3 2
177 70 4 0
716 748 0 1
497 608 0 4
780 376 4 1
25 709 3 3
409 124 1 2
871 146 2 0
119 212 1 1
27 817 3 0
551 23 0 2
800 750 3 0
482 699 1 4
647 821 2 0
939 812 4 4
189 738 3 3
130 208 1 3
380 317 0 1
4 490 0 0
599 504 0 0
576 145 2 0
902 230 3 3
348 836 4 2
10
793 582 0 2
180 90 4 3
912 848 0 3
342 788 2 0
476 698 0 2
91 288 2 0
677 747 3 2
150 878 3 1
261 458 0 0
842 560 4 0
