5
626 887 3 0
412 302 4 2
666 722 1 4
37 801 3 2
817 449 0 0
2
971 416 2 1
801 232 2 2
5
818 843 1 2
650 310 4 1
478 319 2 3
223 394 3 3
97 572 1 3
5
360 527 3 3
549 404 2 0
338 178 2 2
549 834 2 0
166 297 4 0
3
416 945 1 1
198 704 4 2
919 362 2 1
2
229 256 3 2
332 506 1 3
2
140 990 2 3
353 794 0 3
8
909 174 0 3
330 755 1 3
953 572 4 3
767 198 3 4
52 161 2 0
855 883 3 3
207 467 3 4
63 350 1 1
1
543 668 1 4
5
324 702 0 1
894 280 3 0
738 309 3 4
422 611 3 0
665 527 0 3
3
168 343 0 4
185 188 1 3
191 638 1 3
5
23 793 2 0
871 324 2 0
582 965 2 4
405 931 0 2
938 171 4 3
1
169 95 4 2
9
845 668 1 4
78 811 2 0
684 789 0 0
467 212 4 1
124 830 2 1
105 559 1 1
574 399 3 0
273 914 3 1
147 284 3 3
7
17 288 0 0
615 921 3 2
594 502 0 0
997 224 4 0
241 126 3 2
896 933 3 2
117 169 4 4
5
3 13 0 0
493 735 1 4
972 747 1 2
563 512 3 1
262 211 2 3
7
531 610 1 0
215 182 2 1
744 521 2 2
803 866 3 3
61 153 1 4
343 356 4 1
318 526 0 2
3
174 351 3 0
468 635 3 4
251 529 1 0
5
283 129 2 4
871 269 2 3
507 634 4 4
251 828 1 2
791 329 2 1
4
622 979 0 3
433 17 0 0
251 282 1 2
681 243 3 2
3
433 196 0 3
616 470 4 0
558 318 0 0
1
85 506 3 3
8
32 520 2 3
17 212 0 1
16 500 1 4
538 628 2 0
938 599 4 0
983 581 2 3
248 566 3 4
531 993 1 3
5
851 986 2 3
202 532 1 4
967 410 1 1
26 993 2 3
205 676 4 3
7
239 734 0 4
839 100 3 4
138 665 1 0
57 331 3 2
631 330 4 1
731 399 4 0
257 451 3 0
6
397 600 3 3
353 353 0 0
458 163 0 3
157 104 4 0
599 869 0 1
739 943 0 1
10
883 679 3 0
93 335 3 0
553 427 1 0
228 683 3 3
244 829 2 1
506 881 3 2
975 109 4 1
761 709 0 3
293 845 2 1
989 621 1 0
5
361 522 0 3
936 987 4 0
253 488 2 1
758 418 0 2
678 828 1 2
7
652 176 0 2
396 657 2 0
226 487 1 4
494 593 3 0
536 114 3 1
93 330 3 1
77 697 1 1
1
195 456 0 4
3
131 258 1 0
161 866 0 3
138 526 1 2
1
71 68 1 2
1
407 171 4 3
7
783 655 4 3
397 877 3 4
553 185 1 1
71 849 1 3
17 996 0 0
971 680 2 3
938 781 4 3
9
960 532 3 4
432 838 0 0
69 279 4 4
321 593 4 0
101 225 2 0
808 568 0 4
619 96 3 3
495 127 3 0
309 804 4 3
7
328 244 4 2
915 184 2 2
798 633 3 3
536 451 3 0
435 967 0 1
846 954 1 4
410 960 1 3
4
568 487 4 4
87 664 2 2
804 162 3 4
959 541 4 4
4
98 86 4 4
403 918 4 2
286 186 2 2
755 388 3 2
5
855 44 3 1
676 713 3 0
537 250 0 1
481 640 0 4
156 505 0 0
1
79 902 2 3
1
876 60 0 2
2
425 430 1 3
256 859 2 4
2
321 426 4 2
699 583 4 2
10
243 295 2 0
751 414 0 2
524 383 0 2
847 664 1 2
931 399 2 0
3 730 0 4
589 469 3 3
535 910 0 3
965 206 4 0
536 704 3 2
9
813 735 2 4
642 743 4 1
39 864 0 3
611 524 0 4
870 225 0 1
317 235 1 4
207 934 3 1
241 404 3 2
650 57 4 3
8
689 662 0 1
62 10 1 0
622 86 0 4
925 765 1 0
712 876 0 0
713 904 0 2
46 712 4 0
685 797 2 1
5
838 838 0 0
630 61 3 1
105 140 1 2
276 209 1 0
64 306 3 2
5
340 843 1 2
228 659 3 3
782 633 2 3
304 278 4 1
199 586 1 0
6
633 322 3 1
116 465 0 0
209 650 0 4
436 447 2 4
171 619 3 3
715 133 0 2
3
327 963 1 4
932 546 0 4
841 772 4 1
4
671 406 0 0
767 870 3 0
18 519 0 1
598 669 4 1
5
315 174 1 3
814 566 2 4
410 970 1 1
622 381 0 3
660 917 2 3
6
751 383 0 2
499 217 0 3
233 208 0 3
581 949 3 4
660 840 2 3
128 795 4 3
3
416 897 1 2
651 33 4 1
8 71 2 1
1
310 944 1 2
10
345 842 1 4
602 977 4 3
850 2 2 0
694 750 4 0
905 342 0 2
973 931 0 2
486 848 2 3
938 685 4 2
203 214 2 3
250 160 1 2
5
654 452 1 0
885 917 2 3
349 252 0 2
913 520 2 3
75 641 2 1
7
132 799 3 4
198 895 4 3
242 83 0 2
334 491 2 4
664 100 2 4
288 325 0 0
711 544 4 3
2
223 619 3 3
323 578 2 2
4
908 296 0 2
72 96 3 3
634 49 4 4
639 640 3 4
3
524 162 0 4
140 530 2 3
250 451 1 0
2
633 836 3 2
223 304 1 4
5
492 749 0 3
110 314 2 1
261 629 0 4
286 488 2 1
784 205 1 4
10
753 397 1 3
175 478 4 2
349 74 0 0
478 944 2 2
85 83 3 2
151 493 3 1
111 94 0 2
813 92 2 3
821 641 0 1
516 803 3 3
3
579 615 3 3
962 297 0 0
395 261 4 0
4
71 481 1 0
334 232 2 2
108 528 0 3
892 465 0 0
2
924 741 3 4
541 756 4 1
7
820 642 4 4
520 24 3 3
383 995 2 1
752 335 4 0
19 533 1 1
935 124 2 2
739 53 0 0
2
567 864 2 3
115 642 0 4
9
226 544 2 3
777 501 1 3
501 984 3 0
278 530 1 3
447 155 4 1
270 183 4 3
645 438 3 4
40 380 2 0
325 728 1 0
7
696 735 1 4
476 319 0 3
676 205 3 4
587 381 1 3
868 889 1 4
834 631 0 4
109 957 1 3
3
187 88 0 2
405 660 0 2
420 641 2 1
7
366 414 1 2
140 590 2 3
645 51 3 0
629 965 4 4
103 774 1 3
610 923 0 2
315 156 1 0
1
751 167 0 4
8
542 747 2 2
663 722 4 4
89 418 2 2
131 759 1 0
437 439 4 4
955 688 4 1
429 310 1 1
593 786 0 0
10
516 395 3 4
773 112 0 0
608 980 4 3
800 16 3 1
221 591 2 2
825 369 1 1
680 47 3 3
789 73 0 2
292 373 4 4
933 56 2 1
5
470 505 0 0
600 545 3 4
40 446 2 1
625 746 0 3
650 420 4 2
9
945 846 1 1
251 465 1 0
868 851 1 2
155 830 1 1
856 867 1 1
178 453 2 0
466 837 0 3
295 945 0 1
495 88 3 2
10
367 707 1 4
846 445 1 1
534 406 0 0
1000 739 4 0
922 59 0 2
371 328 0 4
77 890 1 1
375 752 2 4
139 133 0 2
96 257 3 3
2
96 963 3 4
859 768 3 0
9
583 839 2 3
162 999 4 1
453 648 0 3
602 783 4 4
21 311 1 0
26 866 2 3
894 74 3 0
324 194 0 1
226 388 1 2
10
459 228 0 3
872 771 4 2
998 127 0 1
759 10 0 2
569 836 4 2
177 661 4 1
778 943 4 1
776 384 3 0
226 839 1 3
431 572 0 3
1
768 954 0 4
5
425 159 1 4
448 818 2 1
246 945 2 1
834 895 0 3
392 880 1 4
7
588 852 0 1
315 712 1 0
393 279 1 4
57 919 3 2
273 697 3 1
146 453 0 0
176 403 2 4
8
152 634 2 4
644 275 4 0
211 4 3 0
119 150 1 3
39 113 0 2
416 189 1 3
224 123 0 3
30 128 3 4
8
908 67 0 3
346 474 0 3
407 845 4 1
775 385 1 2
88 241 2 3
996 811 0 0
333 150 1 3
419 542 0 2
6
140 130 2 1
710 354 4 3
928 671 2 0
277 765 0 0
151 122 3 4
480 309 0 4
7
735 620 4 4
429 285 1 4
406 927 0 3
250 737 1 0
145 52 0 2
454 727 4 3
705 814 0 2
3
694 22 4 0
733 201 2 0
403 649 4 2
1
534 992 0 2
3
205 705 4 0
301 836 3 2
982 811 2 0
10
97 90 1 3
27 433 3 0
509 372 3 1
541 22 4 0
947 634 4 4
342 118 2 4
781 945 3 1
758 825 0 1
365 434 3 2
994 980 2 3
10
985 309 1 4
299 417 4 3
292 234 4 0
862 871 1 2
464 489 2 4
446 635 1 4
110 475 2 3
113 1 2 2
381 300 3 3
520 450 3 2
10
669 138 1 1
628 186 0 2
730 642 4 4
846 840 1 3
806 620 1 4
30 953 3 4
497 461 0 3
738 412 3 4
876 583 0 2
399 408 0 2
9
315 385 1 2
454 473 4 1
969 687 2 1
502 947 0 4
771 330 4 1
573 502 1 0
353 370 0 3
531 316 1 0
285 245 4 3
5
683 62 3 1
69 411 4 2
408 978 2 4
677 515 3 3
938 788 4 0
2
75 297 2 0
261 965 0 4
7
665 846 0 1
11 394 0 3
391 348 4 4
725 553 0 1
478 892 2 0
923 161 2 0
238 814 1 2
5
703 378 0 0
191 660 1 2
683 621 3 0
462 566 0 4
53 49 0 4
