86
132 128 3 1 0.0 0
136 276 3 4 0.0 0
607 693 0 2 0.0 0
647 59 1 1 0.0 0
802 899 1 0 0.0 0
327 172 3 4 0.0 0
674 377 1 1 0.0 0
282 13 0 4 0.0 0
351 844 4 2 0.0 0
789 812 2 1 0.0 0
657 523 3 3 0.0 0
280 920 0 4 0.0 0
384 747 2 2 0.0 0
575 686 4 4 0.0 0
197 842 4 0 0.0 0
83 585 0 1 0.0 0
577 728 3 3 0.0 0
98 721 1 0 0.0 0
985 391 3 0 0.0 0
24 573 4 3 0.0 0
803 314 3 2 0.0 0
747 99 2 1 0.0 0
843 111 2 3 0.0 0
897 325 3 3 0.0 0
786 608 3 2 0.0 0
25 168 1 1 0.0 0
725 731 3 0 0.0 0
417 214 4 4 0.0 0
970 957 4 0 0.0 0
319 45 0 3 0.0 0
812 858 1 3 0.0 0
587 699 2 3 0.0 0
109 132 1 3 0.0 0
503 989 3 1 0.0 0
67 655 2 1 0.0 0
924 585 2 1 0.0 0
788 244 3 0 0.0 0
960 311 4 3 0.0 0
381 925 0 4 0.0 0
183 30 4 1 0.0 0
318 317 0 3 0.0 0
128 979 1 1 0.0 0
229 863 2 3 0.0 0
376 327 0 3 0.0 0
593 897 1 3 0.0 0
453 311 1 3 0.0 0
891 13 3 4 0.0 0
865 157 0 1 0.0 0
445 295 0 2 0.0 0
511 81 2 3 0.0 0
462 817 1 2 0.0 0
169 219 1 2 0.0 0
263 546 1 0 0.0 0
944 58 0 3 0.0 0
944 833 0 1 0.0 0
516 686 0 4 0.0 0
425 223 0 2 0.0 0
748 117 2 0 0.0 0
490 46 0 0 0.0 0
820 865 0 0 0.0 0
275 388 2 1 0.0 0
469 755 4 0 0.0 0
989 385 1 0 0.0 0
118 923 2 2 0.0 0
516 76 0 2 0.0 0
174 493 0 0 0.0 0
361 686 4 4 0.0 0
359 727 1 4 0.0 0
555 543 4 2 0.0 0
319 277 0 4 0.0 0
389 370 4 4 0.0 0
318 104 0 0 0.0 0
365 943 2 0 0.0 0
464 257 1 1 0.0 0
372 342 1 3 0.0 0
420 799 1 0 0.0 0
402 750 0 0 0.0 0
368 116 4 4 0.0 0
424 582 1 3 0.0 0
430 314 0 2 0.0 0
800 821 4 3 0.0 0
333 698 3 2 0.0 0
366 444 0 3 0.0 0
700 627 1 2 0.0 0
723 550 3 3 0.0 0
511 559 2 4 0.0 0
81
349 715 0 2 0.0 0
225 901 1 2 0.0 0
673 508 3 1 0.0 0
437 322 0 3 0.0 0
302 58 0 3 0.0 0
510 515 4 3 0.0 0
260 982 2 1 0.0 0
792 307 1 0 0.0 0
185 808 2 1 0.0 0
39 883 1 0 0.0 0
860 583 1 1 0.0 0
703 44 1 0 0.0 0
640 340 0 4 0.0 0
473 990 4 0 0.0 0
185 805 2 4 0.0 0
978 793 0 0 0.0 0
235 836 3 2 0.0 0
222 454 4 1 0.0 0
366 256 0 1 0.0 0
930 357 2 3 0.0 0
628 83 4 0 0.0 0
508 641 1 3 0.0 0
638 835 0 3 0.0 0
33 603 3 4 0.0 0
632 325 0 3 0.0 0
981 156 2 4 0.0 0
236 528 1 2 0.0 0
927 173 2 0 0.0 0
410 680 2 0 0.0 0
184 227 3 4 0.0 0
338 447 4 0 0.0 0
173 835 0 3 0.0 0
128 120 1 1 0.0 0
131 621 2 0 0.0 0
82 154 4 3 0.0 0
714 301 4 1 0.0 0
767 382 0 1 0.0 0
547 342 1 3 0.0 0
193 752 1 3 0.0 0
295 973 2 0 0.0 0
355 854 2 4 0.0 0
954 917 3 1 0.0 0
303 756 4 1 0.0 0
96 869 4 3 0.0 0
576 76 1 2 0.0 0
419 284 3 0 0.0 0
116 562 4 0 0.0 0
826 478 4 3 0.0 0
796 194 2 3 0.0 0
196 311 1 3 0.0 0
118 325 2 3 0.0 0
803 545 3 1 0.0 0
790 825 1 4 0.0 0
433 628 3 4 0.0 0
990 415 0 3 0.0 0
195 407 2 2 0.0 0
144 449 4 1 0.0 0
417 473 4 4 0.0 0
841 701 0 3 0.0 0
189 747 4 2 0.0 0
584 470 0 3 0.0 0
200 140 3 0 0.0 0
346 709 1 2 0.0 0
448 704 1 1 0.0 0
565 384 2 2 0.0 0
543 420 2 1 0.0 0
389 928 4 2 0.0 0
480 126 3 3 0.0 0
494 167 3 4 0.0 0
931 934 4 2 0.0 0
320 742 2 0 0.0 0
604 151 1 2 0.0 0
61 65 3 2 0.0 0
288 379 1 4 0.0 0
602 178 3 1 0.0 0
460 326 2 4 0.0 0
185 121 2 1 0.0 0
153 573 2 3 0.0 0
375 27 4 0 0.0 0
313 40 4 0 0.0 0
562 166 0 4 0.0 0
43
584 275 0 2 0.0 0
27 531 0 3 0.0 0
827 394 1 0 0.0 0
61 358 3 0 0.0 0
718 738 1 0 0.0 0
776 683 1 3 0.0 0
803 287 3 2 0.0 0
675 390 1 0 0.0 0
276 42 4 2 0.0 0
404 510 1 4 0.0 0
405 743 1 2 0.0 0
475 494 3 3 0.0 0
121 951 1 1 0.0 0
243 525 2 4 0.0 0
939 456 0 3 0.0 0
512 318 0 0 0.0 0
509 548 4 3 0.0 0
600 363 4 2 0.0 0
631 668 3 0 0.0 0
63 82 4 4 0.0 0
935 133 2 2 0.0 0
348 934 1 2 0.0 0
619 514 2 4 0.0 0
813 633 2 0 0.0 0
911 963 2 1 0.0 0
124 34 3 2 0.0 0
981 997 2 3 0.0 0
448 537 1 4 0.0 0
507 428 2 3 0.0 0
117 831 0 3 0.0 0
681 351 2 4 0.0 0
812 814 1 0 0.0 0
358 901 0 2 0.0 0
255 387 0 4 0.0 0
231 41 2 1 0.0 0
779 10 4 0 0.0 0
531 23 3 3 0.0 0
643 739 2 2 0.0 0
277 593 4 1 0.0 0
809 327 4 3 0.0 0
816 692 0 2 0.0 0
105 219 2 2 0.0 0
566 168 1 1 0.0 0
56
689 157 3 1 0.0 0
669 524 2 2 0.0 0
326 474 4 4 0.0 0
407 922 2 4 0.0 0
648 799 0 0 0.0 0
609 137 4 4 0.0 0
408 319 0 0 0.0 0
870 399 1 4 0.0 0
281 24 0 4 0.0 0
83 444 0 3 0.0 0
888 22 1 0 0.0 0
848 920 2 4 0.0 0
796 500 2 1 0.0 0
896 547 4 1 0.0 0
689 977 3 2 0.0 0
782 753 2 2 0.0 0
449 974 1 3 0.0 0
83 489 0 2 0.0 0
104 602 0 3 0.0 0
526 353 4 1 0.0 0
44 836 0 2 0.0 0
367 936 1 1 0.0 0
209 262 1 4 0.0 0
183 34 4 2 0.0 0
800 479 4 4 0.0 0
936 26 1 0 0.0 0
259 519 1 3 0.0 0
948 471 4 0 0.0 0
810 894 3 2 0.0 0
46 398 0 3 0.0 0
75 166 0 4 0.0 0
218 824 1 0 0.0 0
427 417 0 4 0.0 0
263 286 1 1 0.0 0
604 739 1 2 0.0 0
120 938 1 3 0.0 0
991 772 0 1 0.0 0
15 926 0 3 0.0 0
629 722 4 2 0.0 0
665 667 1 1 0.0 0
748 856 2 2 0.0 0
175 375 1 4 0.0 0
372 243 1 2 0.0 0
761 466 1 4 0.0 0
850 25 2 1 0.0 0
319 10 0 0 0.0 0
166 262 4 4 0.0 0
802 19 1 3 0.0 0
890 684 2 1 0.0 0
953 417 1 4 0.0 0
785 393 2 1 0.0 0
745 417 3 4 0.0 0
698 834 2 2 0.0 0
115 824 4 0 0.0 0
785 855 2 2 0.0 0
553 5 1 4 0.0 0
89
241 114 2 4 0.0 0
858 562 3 0 0.0 0
367 988 1 4 0.0 0
331 872 2 4 0.0 0
269 975 4 0 0.0 0
126 957 3 0 0.0 0
342 973 3 0 0.0 0
900 911 0 2 0.0 0
538 389 4 4 0.0 0
185 421 2 4 0.0 0
722 309 2 0 0.0 0
391 476 0 0 0.0 0
964 670 4 2 0.0 0
46 263 0 1 0.0 0
108 214 1 4 0.0 0
434 266 1 4 0.0 0
421 269 4 4 0.0 0
305 742 0 0 0.0 0
336 640 0 0 0.0 0
981 917 2 1 0.0 0
346 467 1 1 0.0 0
761 781 1 4 0.0 0
899 342 0 3 0.0 0
774 186 1 4 0.0 0
770 271 4 1 0.0 0
940 131 1 2 0.0 0
506 369 4 3 0.0 0
728 745 3 3 0.0 0
68 21 0 4 0.0 0
22 739 0 2 0.0 0
226 478 2 3 0.0 0
197 919 4 2 0.0 0
580 702 1 2 0.0 0
458 199 3 0 0.0 0
857 41 2 1 0.0 0
555 436 4 4 0.0 0
41 958 1 3 0.0 0
330 432 2 1 0.0 0
353 76 1 2 0.0 0
372 853 1 4 0.0 0
366 323 0 2 0.0 0
81 549 3 0 0.0 0
340 329 4 0 0.0 0
78 159 4 1 0.0 0
378 482 0 4 0.0 0
774 764 1 3 0.0 0
569 651 2 1 0.0 0
25 585 1 1 0.0 0
382 76 1 2 0.0 0
60 138 1 0 0.0 0
449 972 1 3 0.0 0
335 275 3 2 0.0 0
394 30 0 1 0.0 0
277 99 4 1 0.0 0
493 879 0 2 0.0 0
391 465 0 1 0.0 0
484 503 1 3 0.0 0
119 86 0 2 0.0 0
543 575 2 4 0.0 0
779 902 4 1 0.0 0
118 491 2 0 0.0 0
957 992 0 4 0.0 0
107 136 3 3 0.0 0
896 703 4 1 0.0 0
827 230 1 4 0.0 0
38 491 0 0 0.0 0
674 306 1 1 0.0 0
20 46 2 0 0.0 0
830 491 3 0 0.0 0
99 267 1 1 0.0 0
834 748 2 2 0.0 0
698 550 2 3 0.0 0
287 298 2 4 0.0 0
195 980 2 4 0.0 0
149 933 1 0 0.0 0
993 497 1 3 0.0 0
378 728 0 3 0.0 0
833 195 1 2 0.0 0
421 471 4 0 0.0 0
172 331 4 2 0.0 0
85 345 1 0 0.0 0
702 615 2 3 0.0 0
281 334 0 2 0.0 0
316 450 1 2 0.0 0
285 129 4 3 0.0 0
410 659 2 0 0.0 0
519 285 3 4 0.0 0
703 205 1 1 0.0 0
501 170 2 3 0.0 0
76
571 903 1 0 0.0 0
359 235 1 3 0.0 0
534 158 4 2 0.0 0
663 37 0 1 0.0 0
897 425 3 0 0.0 0
548 147 3 3 0.0 0
149 948 1 4 0.0 0
629 866 4 1 0.0 0
874 255 0 0 0.0 0
138 418 0 3 0.0 0
874 106 0 0 0.0 0
601 174 2 0 0.0 0
546 901 0 2 0.0 0
876 960 0 4 0.0 0
158 212 2 1 0.0 0
261 873 2 3 0.0 0
984 310 0 1 0.0 0
679 967 3 2 0.0 0
447 954 0 3 0.0 0
909 560 0 3 0.0 0
838 27 4 0 0.0 0
383 389 2 4 0.0 0
638 599 0 2 0.0 0
7 265 1 4 0.0 0
426 363 1 2 0.0 0
193 852 1 2 0.0 0
910 711 1 2 0.0 0
561 740 2 2 0.0 0
450 811 2 0 0.0 0
243 328 2 3 0.0 0
234 206 2 3 0.0 0
243 368 2 4 0.0 0
887 853 3 4 0.0 0
958 236 3 1 0.0 0
835 460 3 2 0.0 0
459 31 2 2 0.0 0
696 518 2 3 0.0 0
413 137 1 4 0.0 0
869 438 3 1 0.0 0
311 414 3 4 0.0 0
937 369 2 3 0.0 0
998 236 1 1 0.0 0
213 30 4 1 0.0 0
406 541 1 0 0.0 0
144 80 4 4 0.0 0
397 563 0 1 0.0 0
42 531 2 3 0.0 0
841 167 0 4 0.0 0
484 369 1 3 0.0 0
185 187 2 4 0.0 0
340 972 4 3 0.0 0
774 527 1 1 0.0 0
579 21 3 4 0.0 0
678 529 3 4 0.0 0
909 622 0 0 0.0 0
811 927 0 2 0.0 0
750 396 0 3 0.0 0
139 330 1 2 0.0 0
194 134 3 1 0.0 0
16 998 4 1 0.0 0
906 13 0 4 0.0 0
925 705 4 3 0.0 0
765 728 2 3 0.0 0
886 621 2 0 0.0 0
909 490 0 0 0.0 0
152 565 3 2 0.0 0
114 223 4 2 0.0 0
764 365 3 2 0.0 0
435 721 0 0 0.0 0
631 355 3 2 0.0 0
316 454 1 1 0.0 0
938 728 3 3 0.0 0
819 814 0 0 0.0 0
194 975 3 0 0.0 0
795 724 0 3 0.0 0
541 786 0 3 0.0 0
87
437 43 0 0 0.0 0
202 307 0 0 0.0 0
709 544 2 2 0.0 0
668 703 0 1 0.0 0
596 44 1 0 0.0 0
441 588 4 4 0.0 0
436 775 4 2 0.0 0
965 808 3 1 0.0 0
813 652 2 1 0.0 0
474 513 4 3 0.0 0
693 908 2 4 0.0 0
789 241 2 2 0.0 0
74 652 4 1 0.0 0
915 389 3 4 0.0 0
359 252 1 4 0.0 0
159 356 1 3 0.0 0
954 655 3 1 0.0 0
368 877 4 2 0.0 0
648 782 0 2 0.0 0
874 716 0 0 0.0 0
769 501 1 2 0.0 0
592 422 4 0 0.0 0
10 301 0 1 0.0 0
308 702 1 2 0.0 0
132 916 3 2 0.0 0
757 184 2 3 0.0 0
322 781 3 4 0.0 0
523 508 3 1 0.0 0
538 597 4 1 0.0 0
230 447 4 0 0.0 0
215 576 3 1 0.0 0
641 294 3 4 0.0 0
527 226 1 2 0.0 0
555 760 4 4 0.0 0
520 467 3 1 0.0 0
603 746 4 0 0.0 0
467 833 1 1 0.0 0
260 329 2 0 0.0 0
630 2 4 4 0.0 0
525 386 4 1 0.0 0
665 333 1 3 0.0 0
389 354 4 3 0.0 0
170 836 3 2 0.0 0
782 621 2 0 0.0 0
761 178 1 1 0.0 0
746 673 0 3 0.0 0
409 900 3 0 0.0 0
683 38 3 0 0.0 0
631 379 3 4 0.0 0
706 34 0 2 0.0 0
962 509 4 4 0.0 0
795 626 0 3 0.0 0
814 929 0 3 0.0 0
291 452 4 2 0.0 0
801 360 3 3 0.0 0
231 87 2 3 0.0 0
44 169 0 1 0.0 0
515 735 3 2 0.0 0
821 997 3 3 0.0 0
682 742 1 0 0.0 0
650 827 0 1 0.0 0
949 538 2 4 0.0 0
740 412 2 2 0.0 0
220 9 4 0 0.0 0
12 18 3 4 0.0 0
56 522 3 3 0.0 0
574 207 0 3 0.0 0
23 352 3 3 0.0 0
923 133 2 2 0.0 0
96 101 4 2 0.0 0
928 413 2 1 0.0 0
580 878 1 4 0.0 0
995 721 2 0 0.0 0
158 572 2 3 0.0 0
256 813 1 2 0.0 0
453 90 1 0 0.0 0
814 696 0 2 0.0 0
98 528 1 2 0.0 0
854 941 4 0 0.0 0
871 96 2 4 0.0 0
48 426 4 1 0.0 0
611 733 1 3 0.0 0
746 597 0 1 0.0 0
364 14 3 3 0.0 0
853 910 4 1 0.0 0
561 218 2 1 0.0 0
361 773 4 2 0.0 0
38
907 420 0 1 0.0 0
860 564 1 3 0.0 0
825 625 4 3 0.0 0
784 164 2 3 0.0 0
371 847 2 3 0.0 0
202 560 0 3 0.0 0
938 125 3 3 0.0 0
363 891 2 3 0.0 0
774 35 1 0 0.0 0
697 198 4 0 0.0 0
730 458 3 3 0.0 0
6 473 1 4 0.0 0
550 536 3 4 0.0 0
812 603 1 4 0.0 0
946 130 0 3 0.0 0
204 458 3 3 0.0 0
624 418 1 3 0.0 0
740 21 2 4 0.0 0
603 191 4 4 0.0 0
954 171 3 2 0.0 0
739 4 2 0 0.0 0
850 900 2 0 0.0 0
622 872 0 4 0.0 0
194 449 3 1 0.0 0
525 630 4 4 0.0 0
793 336 0 0 0.0 0
969 637 4 3 0.0 0
635 106 3 0 0.0 0
20 788 2 3 0.0 0
407 662 2 3 0.0 0
788 497 3 3 0.0 0
584 664 0 1 0.0 0
640 452 0 2 0.0 0
272 931 0 4 0.0 0
241 67 2 2 0.0 0
177 142 3 3 0.0 0
262 500 4 1 0.0 0
551 529 2 4 0.0 0
75
808 528 1 2 0.0 0
937 626 2 3 0.0 0
357 230 3 4 0.0 0
1000 479 0 4 0.0 0
593 641 1 3 0.0 0
40 300 0 4 0.0 0
952 839 1 3 0.0 0
148 391 4 0 0.0 0
372 31 1 2 0.0 0
815 798 4 4 0.0 0
827 652 1 1 0.0 0
806 533 0 2 0.0 0
482 753 4 2 0.0 0
821 824 3 0 0.0 0
399 401 4 2 0.0 0
654 218 1 1 0.0 0
436 409 4 3 0.0 0
279 916 3 2 0.0 0
33 48 3 4 0.0 0
995 784 2 2 0.0 0
498 155 2 3 0.0 0
452 845 2 4 0.0 0
963 21 1 4 0.0 0
182 921 0 4 0.0 0
762 574 3 0 0.0 0
88 335 0 3 0.0 0
223 13 2 4 0.0 0
403 456 2 3 0.0 0
816 971 0 4 0.0 0
501 396 2 3 0.0 0
295 799 2 0 0.0 0
911 103 2 4 0.0 0
552 162 0 1 0.0 0
284 208 0 4 0.0 0
715 284 2 0 0.0 0
57 84 2 3 0.0 0
493 862 0 3 0.0 0
34 618 2 0 0.0 0
407 81 2 3 0.0 0
400 736 0 1 0.0 0
589 813 3 2 0.0 0
318 823 0 2 0.0 0
912 260 3 2 0.0 0
627 36 2 1 0.0 0
522 874 3 0 0.0 0
711 517 2 2 0.0 0
683 859 3 4 0.0 0
909 794 0 1 0.0 0
711 239 2 1 0.0 0
547 416 1 1 0.0 0
194 464 3 1 0.0 0
688 734 1 1 0.0 0
38 947 0 1 0.0 0
748 196 2 1 0.0 0
228 986 1 1 0.0 0
241 111 2 3 0.0 0
298 490 4 0 0.0 0
835 103 3 4 0.0 0
120 502 1 3 0.0 0
858 445 3 0 0.0 0
269 418 4 3 0.0 0
143 26 2 0 0.0 0
661 115 2 4 0.0 0
942 768 0 0 0.0 0
304 921 1 4 0.0 0
23 436 3 4 0.0 0
105 580 2 1 0.0 0
853 891 4 3 0.0 0
682 605 1 1 0.0 0
915 578 3 2 0.0 0
67 311 2 3 0.0 0
88 403 0 2 0.0 0
542 773 4 2 0.0 0
859 839 4 3 0.0 0
566 939 1 0 0.0 0
88
976 244 0 0 0.0 0
875 161 4 1 0.0 0
164 938 3 3 0.0 0
23 105 3 2 0.0 0
190 495 0 3 0.0 0
356 697 3 4 0.0 0
940 84 1 3 0.0 0
926 673 3 3 0.0 0
983 171 1 2 0.0 0
646 263 1 1 0.0 0
422 293 0 4 0.0 0
782 978 2 0 0.0 0
569 484 2 1 0.0 0
513 585 3 1 0.0 0
839 875 3 4 0.0 0
241 772 2 1 0.0 0
744 843 1 2 0.0 0
714 477 4 1 0.0 0
779 468 4 0 0.0 0
348 130 1 3 0.0 0
455 14 4 3 0.0 0
737 231 0 2 0.0 0
944 101 0 2 0.0 0
395 563 4 1 0.0 0
896 523 4 3 0.0 0
346 839 1 3 0.0 0
8 305 0 0 0.0 0
927 365 2 2 0.0 0
277 430 4 0 0.0 0
825 277 4 4 0.0 0
472 78 4 4 0.0 0
486 294 1 4 0.0 0
42 886 2 2 0.0 0
544 889 2 3 0.0 0
625 794 3 1 0.0 0
385 968 0 1 0.0 0
161 934 1 2 0.0 0
963 138 1 0 0.0 0
90 115 0 4 0.0 0
35 169 0 1 0.0 0
474 56 4 3 0.0 0
659 962 0 4 0.0 0
24 701 4 3 0.0 0
238 619 4 2 0.0 0
4 365 0 2 0.0 0
8 45 0 3 0.0 0
595 429 3 0 0.0 0
89 894 2 2 0.0 0
180 847 3 3 0.0 0
72 773 1 2 0.0 0
766 834 3 2 0.0 0
884 776 2 1 0.0 0
552 929 0 3 0.0 0
588 971 4 4 0.0 0
698 324 2 2 0.0 0
413 997 1 3 0.0 0
112 997 4 3 0.0 0
259 882 1 3 0.0 0
831 470 3 3 0.0 0
155 57 3 2 0.0 0
546 115 0 4 0.0 0
503 291 3 4 0.0 0
728 726 3 4 0.0 0
144 39 4 1 0.0 0
848 898 2 3 0.0 0
460 489 2 2 0.0 0
841 588 0 4 0.0 0
309 541 0 0 0.0 0
609 976 4 0 0.0 0
328 880 3 1 0.0 0
416 623 1 4 0.0 0
550 246 3 2 0.0 0
392 324 2 2 0.0 0
893 503 0 3 0.0 0
829 75 2 0 0.0 0
140 963 0 1 0.0 0
108 884 1 2 0.0 0
2 527 4 1 0.0 0
592 344 4 1 0.0 0
874 606 0 4 0.0 0
725 129 3 3 0.0 0
376 982 0 1 0.0 0
293 596 4 1 0.0 0
649 5 3 4 0.0 0
991 310 0 1 0.0 0
280 484 0 1 0.0 0
869 217 3 2 0.0 0
981 143 2 2 0.0 0
38
881 357 4 3 0.0 0
209 669 1 2 0.0 0
427 547 0 1 0.0 0
509 800 4 4 0.0 0
737 643 0 2 0.0 0
281 95 0 1 0.0 0
929 158 3 2 0.0 0
192 135 2 1 0.0 0
78 394 4 0 0.0 0
5 285 4 4 0.0 0
787 91 2 3 0.0 0
371 36 2 1 0.0 0
751 420 3 1 0.0 0
263 948 1 4 0.0 0
339 338 3 4 0.0 0
397 352 0 3 0.0 0
493 740 0 2 0.0 0
729 956 1 3 0.0 0
932 431 0 2 0.0 0
829 887 2 3 0.0 0
422 371 0 2 0.0 0
394 992 0 4 0.0 0
991 613 0 0 0.0 0
74 298 4 4 0.0 0
196 762 1 3 0.0 0
462 791 1 1 0.0 0
446 551 4 2 0.0 0
637 837 3 0 0.0 0
108 221 1 0 0.0 0
857 537 2 4 0.0 0
705 252 3 4 0.0 0
997 720 3 0 0.0 0
499 160 4 2 0.0 0
424 948 1 4 0.0 0
252 599 4 2 0.0 0
822 498 1 2 0.0 0
740 992 2 4 0.0 0
123 885 3 2 0.0 0
62
960 432 4 1 0.0 0
631 442 3 2 0.0 0
904 265 4 4 0.0 0
450 602 2 3 0.0 0
250 323 0 2 0.0 0
955 868 4 0 0.0 0
198 668 0 0 0.0 0
381 740 0 2 0.0 0
97 971 2 4 0.0 0
23 930 3 2 0.0 0
882 103 3 4 0.0 0
564 980 3 4 0.0 0
991 222 0 4 0.0 0
529 82 4 4 0.0 0
267 73 1 4 0.0 0
628 208 4 4 0.0 0
75 866 0 1 0.0 0
521 278 1 4 0.0 0
645 716 1 0 0.0 0
245 698 2 2 0.0 0
359 699 1 3 0.0 0
510 153 4 2 0.0 0
242 94 2 2 0.0 0
663 10 0 0 0.0 0
997 834 3 2 0.0 0
968 590 1 0 0.0 0
787 311 2 3 0.0 0
459 590 2 0 0.0 0
228 689 1 3 0.0 0
864 679 2 3 0.0 0
555 749 4 3 0.0 0
85 794 1 1 0.0 0
540 684 4 1 0.0 0
98 582 1 3 0.0 0
728 156 3 4 0.0 0
205 986 1 1 0.0 0
395 826 4 4 0.0 0
99 339 1 3 0.0 0
167 210 4 2 0.0 0
670 377 2 1 0.0 0
916 986 2 1 0.0 0
718 955 1 4 0.0 0
643 664 2 1 0.0 0
7 277 1 4 0.0 0
939 170 0 3 0.0 0
737 465 0 1 0.0 0
153 235 2 3 0.0 0
117 57 0 2 0.0 0
326 697 4 4 0.0 0
525 283 4 2 0.0 0
955 320 4 2 0.0 0
66 455 4 4 0.0 0
652 140 1 0 0.0 0
131 907 2 0 0.0 0
110 727 0 4 0.0 0
607 487 0 3 0.0 0
786 830 3 3 0.0 0
955 520 4 3 0.0 0
266 471 4 0 0.0 0
230 847 4 3 0.0 0
928 586 2 2 0.0 0
462 161 1 1 0.0 0
30
97 781 2 4 0.0 0
697 985 4 3 0.0 0
475 921 3 4 0.0 0
654 519 1 3 0.0 0
703 190 1 0 0.0 0
731 102 0 2 0.0 0
875 987 4 4 0.0 0
402 554 0 1 0.0 0
524 201 2 3 0.0 0
455 641 4 3 0.0 0
273 10 2 0 0.0 0
168 410 1 2 0.0 0
773 915 2 3 0.0 0
520 283 3 2 0.0 0
980 298 4 4 0.0 0
888 556 1 0 0.0 0
397 860 0 1 0.0 0
309 629 0 4 0.0 0
652 460 1 2 0.0 0
118 609 2 4 0.0 0
800 800 4 4 0.0 0
469 347 4 0 0.0 0
361 267 4 1 0.0 0
807 602 3 3 0.0 0
342 546 3 0 0.0 0
7 653 1 0 0.0 0
972 182 3 0 0.0 0
657 488 3 2 0.0 0
223 174 2 0 0.0 0
268 953 2 1 0.0 0
26
19 577 3 3 0.0 0
896 468 4 0 0.0 0
145 587 1 2 0.0 0
454 975 1 0 0.0 0
420 880 1 1 0.0 0
924 646 2 1 0.0 0
710 747 1 2 0.0 0
778 663 4 0 0.0 0
728 250 3 0 0.0 0
846 589 1 3 0.0 0
183 469 4 4 0.0 0
804 901 2 2 0.0 0
273 521 2 1 0.0 0
918 239 2 1 0.0 0
358 968 0 1 0.0 0
700 340 1 4 0.0 0
956 738 3 0 0.0 0
436 234 4 2 0.0 0
584 97 0 2 0.0 0
678 787 3 2 0.0 0
586 445 2 0 0.0 0
896 712 4 0 0.0 0
229 941 2 0 0.0 0
111 42 3 2 0.0 0
443 631 1 3 0.0 0
269 566 4 1 0.0 0
81
732 878 0 4 0.0 0
673 857 3 2 0.0 0
475 3 3 0 0.0 0
281 220 0 4 0.0 0
457 1000 2 0 0.0 0
461 600 2 4 0.0 0
120 909 1 0 0.0 0
726 374 4 0 0.0 0
557 519 1 3 0.0 0
416 640 1 0 0.0 0
268 721 2 0 0.0 0
228 787 1 2 0.0 0
538 238 4 4 0.0 0
867 222 3 4 0.0 0
678 947 3 1 0.0 0
32 110 0 0 0.0 0
732 254 0 0 0.0 0
570 65 2 2 0.0 0
186 938 4 3 0.0 0
860 806 1 0 0.0 0
402 653 0 0 0.0 0
923 553 2 1 0.0 0
751 351 3 4 0.0 0
868 404 0 1 0.0 0
706 641 0 3 0.0 0
797 461 1 2 0.0 0
699 858 3 3 0.0 0
510 299 4 0 0.0 0
604 255 1 0 0.0 0
257 802 1 1 0.0 0
167 701 4 3 0.0 0
189 913 4 3 0.0 0
606 995 4 2 0.0 0
215 967 3 2 0.0 0
430 960 0 4 0.0 0
994 690 2 0 0.0 0
149 86 1 2 0.0 0
1000 748 0 2 0.0 0
87 328 3 3 0.0 0
256 69 1 4 0.0 0
332 815 1 4 0.0 0
178 928 1 2 0.0 0
427 12 0 3 0.0 0
546 263 0 1 0.0 0
997 751 3 3 0.0 0
694 66 1 4 0.0 0
152 285 3 4 0.0 0
771 268 4 2 0.0 0
413 469 1 4 0.0 0
498 929 2 3 0.0 0
844 497 2 3 0.0 0
329 820 0 0 0.0 0
805 322 4 3 0.0 0
315 677 0 3 0.0 0
255 620 0 3 0.0 0
462 443 1 1 0.0 0
619 810 2 3 0.0 0
402 39 0 1 0.0 0
928 259 2 1 0.0 0
333 433 3 3 0.0 0
848 263 2 1 0.0 0
873 981 3 2 0.0 0
616 174 2 0 0.0 0
109 577 1 3 0.0 0
252 444 4 3 0.0 0
250 822 0 1 0.0 0
644 833 2 1 0.0 0
997 942 3 0 0.0 0
772 859 1 4 0.0 0
284 740 0 2 0.0 0
740 823 2 2 0.0 0
180 369 3 3 0.0 0
612 555 0 4 0.0 0
859 808 4 1 0.0 0
993 420 1 1 0.0 0
275 518 2 3 0.0 0
496 432 1 1 0.0 0
611 776 1 1 0.0 0
613 861 0 2 0.0 0
49 556 0 0 0.0 0
220 576 4 1 0.0 0
41
293 311 4 3 0.0 0
966 41 1 1 0.0 0
163 658 2 0 0.0 0
816 565 0 2 0.0 0
656 941 1 0 0.0 0
311 666 3 3 0.0 0
192 456 2 3 0.0 0
409 129 3 3 0.0 0
210 220 2 4 0.0 0
979 413 1 1 0.0 0
318 276 0 4 0.0 0
170 353 3 1 0.0 0
123 384 3 2 0.0 0
126 614 3 4 0.0 0
605 757 1 2 0.0 0
531 250 3 0 0.0 0
819 36 0 1 0.0 0
426 117 1 0 0.0 0
237 138 1 0 0.0 0
771 69 4 4 0.0 0
502 229 3 2 0.0 0
519 510 3 4 0.0 0
925 237 4 1 0.0 0
998 290 1 1 0.0 0
251 257 4 1 0.0 0
493 455 0 4 0.0 0
932 577 0 3 0.0 0
54 729 2 1 0.0 0
796 578 2 2 0.0 0
174 120 0 1 0.0 0
249 73 1 4 0.0 0
164 776 3 1 0.0 0
16 226 4 2 0.0 0
892 51 3 2 0.0 0
38 199 0 0 0.0 0
611 439 1 3 0.0 0
293 13 4 4 0.0 0
812 35 1 0 0.0 0
256 133 1 2 0.0 0
754 665 0 1 0.0 0
922 533 4 2 0.0 0
42
169 332 1 1 0.0 0
428 758 3 1 0.0 0
388 470 1 3 0.0 0
414 164 4 3 0.0 0
19 264 3 2 0.0 0
478 828 3 2 0.0 0
127 598 1 3 0.0 0
110 687 0 1 0.0 0
798 220 4 4 0.0 0
289 132 2 3 0.0 0
44 387 0 4 0.0 0
352 819 3 0 0.0 0
499 91 4 3 0.0 0
491 605 0 1 0.0 0
372 557 1 1 0.0 0
22 467 0 1 0.0 0
734 557 1 1 0.0 0
84 424 3 1 0.0 0
879 873 2 3 0.0 0
32 646 0 1 0.0 0
369 635 3 3 0.0 0
876 955 0 4 0.0 0
142 902 3 1 0.0 0
629 576 4 1 0.0 0
992 420 4 1 0.0 0
770 772 4 1 0.0 0
960 173 4 0 0.0 0
924 911 2 2 0.0 0
967 545 2 1 0.0 0
950 842 0 0 0.0 0
217 396 2 3 0.0 0
647 379 1 4 0.0 0
943 209 0 1 0.0 0
483 424 4 1 0.0 0
890 999 2 1 0.0 0
397 205 0 1 0.0 0
86 90 2 0 0.0 0
732 325 0 3 0.0 0
546 51 0 2 0.0 0
666 720 3 0 0.0 0
828 581 2 3 0.0 0
794 94 1 2 0.0 0
79
368 353 4 1 0.0 0
942 748 0 2 0.0 0
900 509 0 4 0.0 0
59 79 1 0 0.0 0
843 306 2 1 0.0 0
314 758 2 1 0.0 0
378 601 0 2 0.0 0
631 179 3 0 0.0 0
469 178 4 1 0.0 0
92 930 4 2 0.0 0
15 23 0 3 0.0 0
193 948 1 4 0.0 0
466 811 4 0 0.0 0
146 119 0 0 0.0 0
894 559 2 4 0.0 0
640 179 0 0 0.0 0
2 780 4 0 0.0 0
130 385 3 0 0.0 0
29 589 4 3 0.0 0
989 489 1 2 0.0 0
557 95 1 1 0.0 0
724 390 3 0 0.0 0
976 791 0 1 0.0 0
281 486 0 1 0.0 0
830 487 3 3 0.0 0
117 755 0 0 0.0 0
930 976 2 0 0.0 0
302 880 0 1 0.0 0
680 401 0 2 0.0 0
23 467 3 1 0.0 0
200 431 3 2 0.0 0
626 342 3 3 0.0 0
509 892 4 3 0.0 0
365 310 2 1 0.0 0
300 664 4 1 0.0 0
751 576 3 1 0.0 0
856 348 2 1 0.0 0
219 690 2 0 0.0 0
163 586 2 2 0.0 0
815 12 4 3 0.0 0
401 841 2 0 0.0 0
539 56 4 3 0.0 0
363 769 2 1 0.0 0
434 608 1 2 0.0 0
695 909 1 0 0.0 0
546 485 0 1 0.0 0
268 650 2 0 0.0 0
594 294 0 4 0.0 0
543 531 2 3 0.0 0
578 323 2 2 0.0 0
969 917 4 1 0.0 0
15 928 0 2 0.0 0
96 379 4 4 0.0 0
746 779 0 4 0.0 0
76 336 2 0 0.0 0
45 410 3 2 0.0 0
848 331 2 2 0.0 0
855 209 2 1 0.0 0
995 935 2 2 0.0 0
357 550 3 3 0.0 0
775 449 2 1 0.0 0
383 148 2 4 0.0 0
610 256 0 1 0.0 0
295 168 2 1 0.0 0
933 491 0 0 0.0 0
171 48 2 4 0.0 0
366 147 0 3 0.0 0
605 407 1 2 0.0 0
650 496 0 1 0.0 0
26 738 0 0 0.0 0
323 816 2 0 0.0 0
491 276 0 4 0.0 0
161 15 1 0 0.0 0
14 303 3 4 0.0 0
746 57 0 2 0.0 0
691 961 4 2 0.0 0
194 118 3 2 0.0 0
510 761 4 1 0.0 0
131 303 2 4 0.0 0
70
889 55 3 3 0.0 0
935 254 2 0 0.0 0
359 765 1 2 0.0 0
305 56 0 3 0.0 0
783 34 1 2 0.0 0
947 593 1 1 0.0 0
223 269 2 4 0.0 0
423 501 2 2 0.0 0
790 99 1 1 0.0 0
841 485 0 1 0.0 0
922 124 4 3 0.0 0
22 831 0 3 0.0 0
717 337 0 2 0.0 0
992 969 4 4 0.0 0
340 995 4 2 0.0 0
349 610 0 0 0.0 0
692 639 2 4 0.0 0
9 762 0 3 0.0 0
358 866 0 1 0.0 0
637 523 3 3 0.0 0
535 983 2 1 0.0 0
913 394 3 0 0.0 0
666 886 3 2 0.0 0
542 691 4 4 0.0 0
173 227 0 4 0.0 0
114 828 4 2 0.0 0
867 408 3 0 0.0 0
228 564 1 3 0.0 0
381 534 0 4 0.0 0
266 170 4 3 0.0 0
326 89 4 2 0.0 0
961 490 2 0 0.0 0
470 519 3 3 0.0 0
852 723 2 3 0.0 0
720 882 0 3 0.0 0
325 441 3 4 0.0 0
186 358 4 0 0.0 0
443 68 1 0 0.0 0
493 720 0 0 0.0 0
121 30 1 1 0.0 0
894 152 2 3 0.0 0
486 377 1 1 0.0 0
290 333 1 3 0.0 0
625 101 3 2 0.0 0
407 613 2 0 0.0 0
965 280 3 0 0.0 0
1000 227 0 4 0.0 0
865 158 0 2 0.0 0
564 649 3 3 0.0 0
554 66 1 4 0.0 0
557 322 1 3 0.0 0
367 684 1 1 0.0 0
548 584 3 0 0.0 0
460 231 2 2 0.0 0
824 490 0 0 0.0 0
551 324 2 2 0.0 0
844 388 2 1 0.0 0
981 564 2 3 0.0 0
344 730 1 3 0.0 0
125 862 3 3 0.0 0
800 505 4 0 0.0 0
341 531 0 3 0.0 0
913 823 3 2 0.0 0
820 427 0 0 0.0 0
555 888 4 1 0.0 0
158 47 2 3 0.0 0
781 410 4 2 0.0 0
876 178 0 1 0.0 0
691 809 4 4 0.0 0
582 267 3 1 0.0 0
50
833 554 1 1 0.0 0
544 406 2 1 0.0 0
842 396 0 3 0.0 0
38 538 0 4 0.0 0
526 839 4 3 0.0 0
732 492 0 4 0.0 0
773 151 2 2 0.0 0
908 241 4 2 0.0 0
421 319 4 0 0.0 0
172 26 4 0 0.0 0
679 789 3 2 0.0 0
940 229 1 2 0.0 0
255 88 0 0 0.0 0
504 608 2 2 0.0 0
187 700 4 1 0.0 0
129 349 3 0 0.0 0
524 531 2 3 0.0 0
688 3 1 0 0.0 0
917 786 1 3 0.0 0
983 671 1 1 0.0 0
719 295 2 2 0.0 0
204 906 3 0 0.0 0
451 570 2 2 0.0 0
443 764 1 3 0.0 0
18 463 4 4 0.0 0
712 820 0 0 0.0 0
134 955 1 4 0.0 0
775 583 2 1 0.0 0
825 629 4 4 0.0 0
369 815 3 4 0.0 0
720 893 0 0 0.0 0
841 63 0 4 0.0 0
539 793 4 0 0.0 0
152 276 3 4 0.0 0
526 953 4 1 0.0 0
191 20 4 2 0.0 0
139 858 1 3 0.0 0
258 351 0 4 0.0 0
109 619 1 2 0.0 0
322 775 3 2 0.0 0
93 776 1 1 0.0 0
337 171 2 2 0.0 0
722 678 2 3 0.0 0
979 51 1 2 0.0 0
701 906 3 0 0.0 0
946 762 0 3 0.0 0
698 933 2 0 0.0 0
661 296 2 4 0.0 0
323 379 2 4 0.0 0
956 571 3 1 0.0 0
98
417 471 4 0 0.0 0
271 804 1 2 0.0 0
116 614 4 4 0.0 0
909 432 0 1 0.0 0
651 711 1 2 0.0 0
488 605 2 1 0.0 0
573 216 3 4 0.0 0
481 668 0 0 0.0 0
23 285 3 4 0.0 0
200 453 3 1 0.0 0
437 105 0 2 0.0 0
661 226 2 2 0.0 0
499 763 4 4 0.0 0
655 583 1 1 0.0 0
467 339 1 3 0.0 0
572 751 3 3 0.0 0
91 914 3 1 0.0 0
806 15 0 0 0.0 0
929 338 3 4 0.0 0
489 794 2 1 0.0 0
706 256 0 1 0.0 0
967 866 2 1 0.0 0
452 470 2 3 0.0 0
466 605 4 1 0.0 0
391 861 0 2 0.0 0
789 988 2 4 0.0 0
714 710 4 1 0.0 0
634 504 0 2 0.0 0
329 180 0 3 0.0 0
450 750 2 0 0.0 0
704 150 1 3 0.0 0
903 314 0 2 0.0 0
880 550 1 3 0.0 0
656 353 1 1 0.0 0
718 434 1 1 0.0 0
483 677 4 3 0.0 0
673 25 3 1 0.0 0
992 674 4 1 0.0 0
689 275 3 2 0.0 0
95 197 1 4 0.0 0
541 478 0 3 0.0 0
224 860 2 1 0.0 0
260 271 2 1 0.0 0
570 491 2 0 0.0 0
639 440 4 0 0.0 0
48 780 4 0 0.0 0
20 398 2 3 0.0 0
184 612 3 0 0.0 0
120 297 1 2 0.0 0
452 949 2 2 0.0 0
871 208 2 4 0.0 0
127 449 1 1 0.0 0
120 911 1 2 0.0 0
196 729 1 1 0.0 0
112 491 4 0 0.0 0
107 547 3 1 0.0 0
139 997 1 3 0.0 0
895 440 3 0 0.0 0
361 456 4 3 0.0 0
346 677 1 3 0.0 0
677 925 3 4 0.0 0
944 16 0 4 0.0 0
205 902 1 1 0.0 0
530 37 1 1 0.0 0
851 825 1 4 0.0 0
55 465 3 1 0.0 0
497 295 3 2 0.0 0
638 335 0 3 0.0 0
712 242 0 2 0.0 0
537 651 4 1 0.0 0
22 759 0 3 0.0 0
577 208 3 4 0.0 0
200 937 3 2 0.0 0
546 182 0 0 0.0 0
318 587 0 2 0.0 0
378 932 0 0 0.0 0
444 889 3 3 0.0 0
975 702 0 2 0.0 0
392 807 2 3 0.0 0
71 189 1 4 0.0 0
714 566 4 1 0.0 0
929 608 3 2 0.0 0
105 977 2 2 0.0 0
788 888 3 1 0.0 0
304 448 1 1 0.0 0
4 405 0 1 0.0 0
560 945 3 1 0.0 0
203 501 0 2 0.0 0
701 880 3 1 0.0 0
998 778 1 4 0.0 0
38 619 0 2 0.0 0
974 402 3 0 0.0 0
53 884 3 2 0.0 0
548 858 3 3 0.0 0
48 12 4 3 0.0 0
88 557 0 1 0.0 0
62 22 1 0 0.0 0
647 96 1 4 0.0 0
14
377 573 1 3 0.0 0
636 603 0 4 0.0 0
695 386 1 1 0.0 0
260 918 2 2 0.0 0
54 515 2 3 0.0 0
826 585 4 1 0.0 0
673 97 3 2 0.0 0
545 202 1 0 0.0 0
18 292 4 1 0.0 0
136 75 3 0 0.0 0
187 781 4 4 0.0 0
760 497 4 3 0.0 0
584 620 0 3 0.0 0
29 908 4 4 0.0 0
47
373 965 4 3 0.0 0
856 593 2 1 0.0 0
8 542 0 4 0.0 0
734 77 1 0 0.0 0
464 286 1 1 0.0 0
100 787 1 2 0.0 0
950 131 0 2 0.0 0
120 813 1 2 0.0 0
320 470 2 3 0.0 0
326 792 4 1 0.0 0
759 608 3 2 0.0 0
333 943 3 0 0.0 0
18 748 4 2 0.0 0
31 546 2 0 0.0 0
707 846 2 1 0.0 0
808 332 1 1 0.0 0
724 382 3 1 0.0 0
990 480 0 3 0.0 0
210 478 2 3 0.0 0
124 693 3 2 0.0 0
363 27 2 0 0.0 0
972 491 3 0 0.0 0
755 714 0 4 0.0 0
793 405 0 1 0.0 0
63 203 4 0 0.0 0
290 131 1 2 0.0 0
538 904 4 4 0.0 0
954 177 3 3 0.0 0
973 498 0 2 0.0 0
393 749 1 3 0.0 0
754 337 0 2 0.0 0
210 41 2 1 0.0 0
849 125 0 3 0.0 0
928 67 2 2 0.0 0
628 113 4 4 0.0 0
309 278 0 4 0.0 0
462 188 1 3 0.0 0
419 825 3 4 0.0 0
211 368 3 4 0.0 0
684 560 1 3 0.0 0
11 542 1 4 0.0 0
343 687 0 1 0.0 0
902 998 1 1 0.0 0
145 866 1 1 0.0 0
499 787 4 2 0.0 0
298 520 4 3 0.0 0
560 499 3 4 0.0 0
53
284 302 0 0 0.0 0
859 463 4 4 0.0 0
949 131 2 2 0.0 0
949 418 2 3 0.0 0
948 985 4 3 0.0 0
397 300 0 4 0.0 0
646 258 1 0 0.0 0
484 754 1 0 0.0 0
594 759 0 3 0.0 0
130 437 3 0 0.0 0
846 470 1 3 0.0 0
888 920 1 4 0.0 0
359 427 1 0 0.0 0
496 653 1 0 0.0 0
305 791 0 1 0.0 0
659 360 0 3 0.0 0
312 110 3 0 0.0 0
524 403 2 2 0.0 0
309 429 0 0 0.0 0
865 358 0 0 0.0 0
420 278 1 4 0.0 0
695 939 1 0 0.0 0
226 442 2 2 0.0 0
372 460 1 2 0.0 0
432 80 1 4 0.0 0
898 766 3 3 0.0 0
983 463 1 4 0.0 0
429 451 0 2 0.0 0
283 727 2 4 0.0 0
468 317 0 3 0.0 0
226 139 2 1 0.0 0
397 719 0 2 0.0 0
771 221 4 0 0.0 0
753 589 2 3 0.0 0
891 134 3 1 0.0 0
867 691 3 4 0.0 0
330 199 2 0 0.0 0
950 822 0 1 0.0 0
630 980 4 4 0.0 0
479 630 4 4 0.0 0
78 430 4 0 0.0 0
839 894 3 2 0.0 0
67 942 2 0 0.0 0
491 537 0 4 0.0 0
484 153 1 2 0.0 0
890 845 2 4 0.0 0
787 428 2 3 0.0 0
746 622 0 0 0.0 0
527 286 1 1 0.0 0
645 333 1 3 0.0 0
585 390 1 0 0.0 0
81 693 3 2 0.0 0
627 440 2 0 0.0 0
27
400 871 0 2 0.0 0
392 328 2 3 0.0 0
453 480 1 3 0.0 0
867 25 3 1 0.0 0
901 904 2 4 0.0 0
484 338 1 4 0.0 0
846 737 1 0 0.0 0
339 488 3 2 0.0 0
648 228 0 1 0.0 0
858 4 3 0 0.0 0
855 98 2 1 0.0 0
868 957 0 0 0.0 0
165 792 2 1 0.0 0
459 203 2 0 0.0 0
88 522 0 3 0.0 0
955 414 4 4 0.0 0
816 422 0 0 0.0 0
267 963 1 1 0.0 0
894 727 2 4 0.0 0
722 40 2 0 0.0 0
339 584 3 0 0.0 0
390 413 0 1 0.0 0
926 679 3 3 0.0 0
329 675 0 1 0.0 0
805 46 4 0 0.0 0
242 402 2 0 0.0 0
697 837 4 0 0.0 0
89
65 743 2 2 0.0 0
215 845 3 4 0.0 0
904 955 4 4 0.0 0
50 267 1 1 0.0 0
974 533 3 2 0.0 0
925 448 4 1 0.0 0
319 474 0 4 0.0 0
755 233 0 4 0.0 0
932 753 0 2 0.0 0
178 824 1 0 0.0 0
128 938 1 3 0.0 0
370 126 4 3 0.0 0
478 77 3 0 0.0 0
991 124 0 3 0.0 0
459 85 2 1 0.0 0
517 661 2 2 0.0 0
437 352 0 3 0.0 0
324 135 2 1 0.0 0
531 334 3 2 0.0 0
868 601 0 2 0.0 0
12 32 3 0 0.0 0
378 777 0 2 0.0 0
48 534 4 4 0.0 0
183 99 4 1 0.0 0
349 148 0 4 0.0 0
125 863 3 3 0.0 0
224 337 2 2 0.0 0
28 736 2 1 0.0 0
799 896 0 4 0.0 0
38 564 0 3 0.0 0
723 854 3 4 0.0 0
78 581 4 3 0.0 0
452 835 2 3 0.0 0
557 634 1 0 0.0 0
562 27 0 0 0.0 0
746 983 0 1 0.0 0
682 475 1 3 0.0 0
965 720 3 0 0.0 0
99 272 1 0 0.0 0
428 595 3 3 0.0 0
557 177 1 3 0.0 0
1000 434 0 1 0.0 0
843 474 2 4 0.0 0
103 990 4 0 0.0 0
687 111 1 3 0.0 0
145 471 1 0 0.0 0
495 801 3 3 0.0 0
59 19 1 3 0.0 0
366 863 0 3 0.0 0
978 27 0 0 0.0 0
976 20 0 2 0.0 0
935 31 2 2 0.0 0
655 366 1 0 0.0 0
51 2 2 4 0.0 0
251 968 4 1 0.0 0
919 257 2 1 0.0 0
428 429 3 0 0.0 0
889 797 3 1 0.0 0
419 329 3 0 0.0 0
23 611 3 1 0.0 0
55 553 3 1 0.0 0
376 524 0 2 0.0 0
627 960 2 4 0.0 0
717 791 0 1 0.0 0
402 82 0 4 0.0 0
31 607 2 0 0.0 0
283 283 2 2 0.0 0
206 776 3 1 0.0 0
517 358 2 0 0.0 0
2 347 4 0 0.0 0
102 235 2 3 0.0 0
56 606 3 4 0.0 0
850 793 2 0 0.0 0
999 685 1 1 0.0 0
453 375 1 4 0.0 0
118 165 2 2 0.0 0
72 876 1 0 0.0 0
183 573 4 3 0.0 0
972 758 3 1 0.0 0
824 138 0 0 0.0 0
586 346 2 1 0.0 0
85 243 1 2 0.0 0
495 155 3 3 0.0 0
9 771 0 4 0.0 0
835 27 3 0 0.0 0
539 838 4 4 0.0 0
576 138 1 0 0.0 0
331 874 2 0 0.0 0
304 857 1 2 0.0 0
76
175 496 1 1 0.0 0
504 626 2 3 0.0 0
349 814 0 0 0.0 0
287 843 2 2 0.0 0
369 976 3 0 0.0 0
807 775 3 2 0.0 0
325 905 3 0 0.0 0
199 20 0 2 0.0 0
730 556 3 0 0.0 0
151 564 2 3 0.0 0
888 577 1 3 0.0 0
531 151 3 2 0.0 0
890 534 2 4 0.0 0
152 183 3 4 0.0 0
213 406 4 1 0.0 0
844 438 2 1 0.0 0
558 385 0 0 0.0 0
333 710 3 1 0.0 0
604 536 1 4 0.0 0
703 677 1 3 0.0 0
674 337 1 2 0.0 0
931 164 4 3 0.0 0
375 859 4 4 0.0 0
527 818 1 3 0.0 0
969 104 4 0 0.0 0
856 922 2 4 0.0 0
449 38 1 0 0.0 0
684 694 1 1 0.0 0
226 444 2 3 0.0 0
631 684 3 1 0.0 0
233 131 4 2 0.0 0
402 460 0 2 0.0 0
672 332 4 1 0.0 0
120 281 1 0 0.0 0
146 361 0 4 0.0 0
645 940 1 1 0.0 0
198 354 0 3 0.0 0
286 854 1 4 0.0 0
666 269 3 4 0.0 0
416 733 1 3 0.0 0
245 707 2 2 0.0 0
777 440 2 0 0.0 0
373 152 4 3 0.0 0
909 932 0 0 0.0 0
387 426 4 1 0.0 0
35 531 0 3 0.0 0
901 467 2 1 0.0 0
224 117 2 0 0.0 0
913 348 3 1 0.0 0
734 483 1 4 0.0 0
392 207 2 3 0.0 0
389 821 4 3 0.0 0
353 605 1 1 0.0 0
938 606 3 4 0.0 0
582 831 3 3 0.0 0
169 577 1 3 0.0 0
210 32 2 0 0.0 0
797 692 1 2 0.0 0
557 295 1 2 0.0 0
533 110 2 0 0.0 0
961 588 2 4 0.0 0
996 508 2 1 0.0 0
435 655 0 1 0.0 0
565 190 2 0 0.0 0
670 706 2 0 0.0 0
592 109 4 1 0.0 0
438 824 1 0 0.0 0
47 364 3 3 0.0 0
599 252 2 4 0.0 0
786 61 3 3 0.0 0
171 40 2 0 0.0 0
288 123 1 3 0.0 0
565 9 2 0 0.0 0
687 713 1 3 0.0 0
602 760 3 4 0.0 0
169 377 1 1 0.0 0
21
492 128 4 1 0.0 0
265 293 4 4 0.0 0
699 918 3 2 0.0 0
475 926 3 3 0.0 0
274 202 0 0 0.0 0
799 705 0 3 0.0 0
363 791 2 1 0.0 0
717 287 0 2 0.0 0
139 383 1 2 0.0 0
452 267 2 1 0.0 0
357 149 3 1 0.0 0
304 151 1 2 0.0 0
905 417 0 4 0.0 0
358 120 0 1 0.0 0
115 614 4 4 0.0 0
896 937 4 2 0.0 0
452 999 2 1 0.0 0
25 505 1 0 0.0 0
24 536 4 4 0.0 0
537 259 4 1 0.0 0
134 429 1 0 0.0 0
17
997 824 3 0 0.0 0
86 499 2 4 0.0 0
736 537 1 4 0.0 0
279 208 3 4 0.0 0
423 388 2 1 0.0 0
917 542 1 4 0.0 0
668 983 0 1 0.0 0
289 814 2 0 0.0 0
226 650 2 0 0.0 0
923 737 2 0 0.0 0
267 575 1 4 0.0 0
798 739 4 2 0.0 0
65 556 2 0 0.0 0
709 744 2 1 0.0 0
572 172 3 4 0.0 0
739 141 2 1 0.0 0
252 59 4 1 0.0 0
23
399 818 4 3 0.0 0
13 587 4 2 0.0 0
694 561 1 2 0.0 0
229 982 2 1 0.0 0
536 733 4 3 0.0 0
591 32 2 0 0.0 0
444 776 3 1 0.0 0
875 1 4 0 0.0 0
775 945 2 1 0.0 0
196 565 1 2 0.0 0
619 886 2 2 0.0 0
820 822 0 1 0.0 0
190 996 0 2 0.0 0
831 395 3 4 0.0 0
181 178 1 1 0.0 0
561 658 2 0 0.0 0
242 717 2 0 0.0 0
586 307 2 0 0.0 0
425 759 0 3 0.0 0
901 356 2 3 0.0 0
61 236 3 1 0.0 0
670 417 2 4 0.0 0
744 262 1 4 0.0 0
92
896 204 4 3 0.0 0
835 766 3 3 0.0 0
430 702 0 2 0.0 0
930 262 2 4 0.0 0
336 545 0 1 0.0 0
303 259 4 1 0.0 0
397 862 0 3 0.0 0
326 452 4 2 0.0 0
213 492 4 4 0.0 0
173 590 0 0 0.0 0
836 940 2 1 0.0 0
7 913 1 3 0.0 0
524 796 2 2 0.0 0
987 700 4 1 0.0 0
467 319 1 0 0.0 0
609 206 4 3 0.0 0
563 943 1 0 0.0 0
44 884 0 2 0.0 0
369 595 3 3 0.0 0
561 691 2 4 0.0 0
932 768 0 0 0.0 0
590 43 0 0 0.0 0
987 334 4 2 0.0 0
503 347 3 0 0.0 0
490 935 0 2 0.0 0
204 658 3 0 0.0 0
46 239 0 1 0.0 0
773 860 2 1 0.0 0
31 45 2 3 0.0 0
131 585 2 1 0.0 0
732 27 0 0 0.0 0
119 476 0 0 0.0 0
983 273 1 2 0.0 0
50 110 1 0 0.0 0
820 77 0 0 0.0 0
488 664 2 1 0.0 0
789 908 2 4 0.0 0
723 615 3 3 0.0 0
339 193 3 1 0.0 0
656 23 1 3 0.0 0
108 157 1 1 0.0 0
32 102 0 2 0.0 0
1000 404 0 1 0.0 0
389 772 4 1 0.0 0
601 450 2 2 0.0 0
252 618 4 0 0.0 0
803 804 3 2 0.0 0
932 313 0 4 0.0 0
500 172 1 4 0.0 0
727 891 4 3 0.0 0
126 392 3 2 0.0 0
253 895 2 3 0.0 0
342 924 3 2 0.0 0
717 766 0 3 0.0 0
828 555 2 4 0.0 0
494 475 3 3 0.0 0
805 784 4 2 0.0 0
380 39 3 1 0.0 0
703 242 1 2 0.0 0
853 963 4 1 0.0 0
379 316 4 1 0.0 0
264 69 2 4 0.0 0
551 383 2 2 0.0 0
517 295 2 2 0.0 0
77 143 0 2 0.0 0
564 144 3 4 0.0 0
269 1 4 0 0.0 0
27 755 0 0 0.0 0
521 427 1 0 0.0 0
326 191 4 4 0.0 0
981 490 2 0 0.0 0
21 753 4 2 0.0 0
767 439 0 3 0.0 0
599 916 2 2 0.0 0
539 803 4 3 0.0 0
992 733 4 3 0.0 0
929 77 3 0 0.0 0
270 369 3 3 0.0 0
413 784 1 2 0.0 0
493 849 0 0 0.0 0
278 315 4 0 0.0 0
744 949 1 2 0.0 0
799 476 0 0 0.0 0
823 999 2 1 0.0 0
648 392 0 2 0.0 0
165 895 2 3 0.0 0
549 392 0 2 0.0 0
331 757 2 2 0.0 0
838 516 4 0 0.0 0
562 812 0 1 0.0 0
377 645 1 1 0.0 0
540 179 4 0 0.0 0
1
844 834 2 2 0.0 0
44
769 407 1 2 0.0 0
96 531 4 3 0.0 0
793 551 0 2 0.0 0
260 756 2 1 0.0 0
779 320 4 2 0.0 0
903 180 0 3 0.0 0
461 232 2 4 0.0 0
822 178 1 1 0.0 0
300 211 4 3 0.0 0
681 273 2 2 0.0 0
32 481 0 0 0.0 0
287 513 2 3 0.0 0
239 199 1 0 0.0 0
663 580 0 1 0.0 0
163 78 2 4 0.0 0
195 333 2 3 0.0 0
567 456 3 3 0.0 0
700 771 1 4 0.0 0
629 786 4 3 0.0 0
961 522 2 3 0.0 0
489 425 2 0 0.0 0
700 940 1 1 0.0 0
84 99 3 1 0.0 0
895 667 3 1 0.0 0
634 66 0 4 0.0 0
829 724 2 3 0.0 0
836 46 2 0 0.0 0
350 281 1 0 0.0 0
820 149 0 1 0.0 0
681 240 2 4 0.0 0
730 329 3 0 0.0 0
208 235 4 3 0.0 0
330 284 2 0 0.0 0
674 822 1 1 0.0 0
696 534 2 4 0.0 0
798 159 4 1 0.0 0
549 45 0 3 0.0 0
524 448 2 1 0.0 0
685 100 1 1 0.0 0
375 701 4 3 0.0 0
762 54 3 2 0.0 0
946 350 0 1 0.0 0
671 23 1 3 0.0 0
708 92 1 4 0.0 0
34
59 418 1 3 0.0 0
736 905 1 0 0.0 0
801 662 3 3 0.0 0
20 609 2 4 0.0 0
853 308 4 1 0.0 0
252 528 4 2 0.0 0
889 280 3 0 0.0 0
359 685 1 1 0.0 0
982 850 1 2 0.0 0
690 41 0 1 0.0 0
520 801 3 3 0.0 0
948 90 4 0 0.0 0
840 888 4 1 0.0 0
369 681 3 2 0.0 0
659 467 0 1 0.0 0
426 746 1 0 0.0 0
460 754 2 0 0.0 0
365 37 2 1 0.0 0
443 490 1 0 0.0 0
972 802 3 1 0.0 0
638 233 0 4 0.0 0
719 627 2 2 0.0 0
73 343 4 0 0.0 0
119 297 0 2 0.0 0
703 289 1 2 0.0 0
200 740 3 2 0.0 0
366 249 0 1 0.0 0
837 752 0 3 0.0 0
931 402 4 0 0.0 0
300 758 4 1 0.0 0
376 808 0 1 0.0 0
765 744 2 1 0.0 0
49 185 0 2 0.0 0
695 278 1 4 0.0 0
91
302 645 0 1 0.0 0
337 307 2 0 0.0 0
58 820 3 0 0.0 0
155 711 3 2 0.0 0
300 135 4 1 0.0 0
567 605 3 1 0.0 0
324 545 2 1 0.0 0
15 801 0 3 0.0 0
567 1000 3 0 0.0 0
528 781 2 4 0.0 0
401 157 2 1 0.0 0
856 994 2 2 0.0 0
437 828 0 2 0.0 0
169 718 1 1 0.0 0
832 196 0 1 0.0 0
443 956 1 3 0.0 0
919 80 2 4 0.0 0
248 113 1 4 0.0 0
976 820 0 0 0.0 0
16 148 4 4 0.0 0
36 78 1 4 0.0 0
987 796 4 2 0.0 0
147 313 3 4 0.0 0
545 661 1 2 0.0 0
272 430 0 0 0.0 0
342 938 3 3 0.0 0
245 493 2 0 0.0 0
725 544 3 2 0.0 0
823 902 2 1 0.0 0
674 391 1 0 0.0 0
15 964 0 4 0.0 0
803 703 3 1 0.0 0
314 363 2 2 0.0 0
233 677 4 3 0.0 0
948 3 4 0 0.0 0
920 829 4 2 0.0 0
916 848 2 2 0.0 0
31 736 2 1 0.0 0
478 137 3 4 0.0 0
209 43 1 0 0.0 0
153 468 2 0 0.0 0
979 714 1 4 0.0 0
478 663 3 0 0.0 0
765 985 2 3 0.0 0
267 592 1 4 0.0 0
540 667 4 1 0.0 0
38 226 0 2 0.0 0
427 478 0 3 0.0 0
74 255 4 0 0.0 0
583 385 1 0 0.0 0
388 928 1 2 0.0 0
274 526 0 4 0.0 0
1000 111 0 3 0.0 0
686 871 4 2 0.0 0
566 976 1 0 0.0 0
678 256 3 1 0.0 0
798 109 4 1 0.0 0
427 805 0 4 0.0 0
404 394 1 0 0.0 0
382 808 1 1 0.0 0
982 534 1 4 0.0 0
442 428 2 3 0.0 0
135 166 1 4 0.0 0
867 423 3 2 0.0 0
853 15 4 0 0.0 0
149 572 1 3 0.0 0
739 161 2 1 0.0 0
860 36 1 1 0.0 0
276 911 4 2 0.0 0
649 755 3 0 0.0 0
315 514 0 4 0.0 0
692 679 2 3 0.0 0
187 891 4 3 0.0 0
871 380 2 3 0.0 0
250 12 0 3 0.0 0
894 722 2 2 0.0 0
323 296 2 4 0.0 0
630 74 4 4 0.0 0
377 133 1 2 0.0 0
328 868 3 0 0.0 0
654 799 1 0 0.0 0
341 671 0 1 0.0 0
41 900 1 0 0.0 0
124 556 3 0 0.0 0
765 681 2 2 0.0 0
548 213 3 4 0.0 0
406 832 1 0 0.0 0
780 342 0 3 0.0 0
262 778 4 4 0.0 0
683 687 3 1 0.0 0
662 652 3 1 0.0 0
68
364 328 3 3 0.0 0
506 356 4 3 0.0 0
973 92 0 4 0.0 0
263 323 1 2 0.0 0
596 443 1 1 0.0 0
735 182 2 0 0.0 0
602 985 3 3 0.0 0
888 431 1 2 0.0 0
73 816 4 0 0.0 0
855 90 2 0 0.0 0
316 356 1 3 0.0 0
135 912 1 3 0.0 0
281 751 0 3 0.0 0
395 878 4 4 0.0 0
655 222 1 4 0.0 0
831 165 3 2 0.0 0
674 668 1 0 0.0 0
966 336 1 0 0.0 0
382 535 1 2 0.0 0
753 76 2 2 0.0 0
137 821 4 3 0.0 0
684 233 1 4 0.0 0
15 510 0 4 0.0 0
747 131 2 2 0.0 0
513 695 3 1 0.0 0
966 569 1 2 0.0 0
241 545 2 1 0.0 0
134 827 1 1 0.0 0
372 807 1 3 0.0 0
153 632 2 0 0.0 0
732 286 0 1 0.0 0
582 859 3 4 0.0 0
329 573 0 3 0.0 0
575 575 4 4 0.0 0
357 776 3 1 0.0 0
75 231 0 2 0.0 0
817 764 2 3 0.0 0
318 601 0 2 0.0 0
141 39 1 1 0.0 0
52 147 0 3 0.0 0
416 93 1 1 0.0 0
886 112 2 4 0.0 0
709 607 2 0 0.0 0
820 144 0 4 0.0 0
860 682 1 1 0.0 0
759 408 3 0 0.0 0
647 769 1 1 0.0 0
5 337 4 2 0.0 0
605 711 1 2 0.0 0
439 578 3 2 0.0 0
531 128 3 1 0.0 0
602 890 3 2 0.0 0
721 227 0 4 0.0 0
42 910 2 1 0.0 0
61 642 3 3 0.0 0
930 318 2 0 0.0 0
122 380 3 3 0.0 0
955 56 4 3 0.0 0
496 783 1 1 0.0 0
439 403 3 2 0.0 0
574 193 0 1 0.0 0
671 245 1 2 0.0 0
585 526 1 4 0.0 0
869 883 3 0 0.0 0
906 122 0 3 0.0 0
321 978 4 0 0.0 0
225 299 1 0 0.0 0
590 297 0 2 0.0 0
92
716 164 0 3 0.0 0
177 942 3 0 0.0 0
662 249 3 1 0.0 0
318 542 0 4 0.0 0
135 480 1 3 0.0 0
737 712 0 0 0.0 0
766 497 3 3 0.0 0
519 689 3 3 0.0 0
184 481 3 0 0.0 0
160 218 2 1 0.0 0
315 404 0 1 0.0 0
902 378 1 0 0.0 0
547 727 1 4 0.0 0
607 756 0 1 0.0 0
9 522 0 3 0.0 0
873 529 3 4 0.0 0
257 787 1 2 0.0 0
602 959 3 4 0.0 0
929 734 3 1 0.0 0
162 578 1 2 0.0 0
713 762 3 3 0.0 0
699 666 3 3 0.0 0
747 972 2 3 0.0 0
43 685 0 1 0.0 0
33 28 3 2 0.0 0
746 125 0 3 0.0 0
766 822 3 1 0.0 0
221 93 0 1 0.0 0
580 541 1 0 0.0 0
730 453 3 1 0.0 0
816 103 0 4 0.0 0
558 557 0 1 0.0 0
270 311 3 3 0.0 0
787 582 2 3 0.0 0
770 954 4 3 0.0 0
76 165 2 2 0.0 0
435 633 0 0 0.0 0
831 959 3 4 0.0 0
348 610 1 0 0.0 0
186 995 4 2 0.0 0
582 520 3 3 0.0 0
771 80 4 4 0.0 0
807 182 3 0 0.0 0
654 477 1 1 0.0 0
390 256 0 1 0.0 0
972 471 3 0 0.0 0
239 504 1 2 0.0 0
516 316 0 1 0.0 0
868 471 0 0 0.0 0
467 377 1 1 0.0 0
559 82 4 4 0.0 0
243 555 2 4 0.0 0
248 422 1 0 0.0 0
726 229 4 2 0.0 0
312 262 3 4 0.0 0
737 181 0 1 0.0 0
875 277 4 4 0.0 0
252 706 4 0 0.0 0
530 264 1 2 0.0 0
821 61 3 3 0.0 0
877 97 2 2 0.0 0
36 298 1 4 0.0 0
828 210 2 2 0.0 0
993 751 1 3 0.0 0
79 772 0 1 0.0 0
658 303 0 4 0.0 0
839 131 3 2 0.0 0
921 749 4 3 0.0 0
692 218 2 1 0.0 0
696 842 2 0 0.0 0
541 964 0 4 0.0 0
388 685 1 1 0.0 0
112 571 4 1 0.0 0
941 731 0 0 0.0 0
792 825 1 4 0.0 0
22 382 0 1 0.0 0
348 689 1 3 0.0 0
4 211 0 3 0.0 0
174 368 0 4 0.0 0
784 250 2 0 0.0 0
600 120 4 1 0.0 0
763 517 4 2 0.0 0
849 945 0 1 0.0 0
196 206 1 3 0.0 0
503 428 3 3 0.0 0
213 940 4 1 0.0 0
931 618 4 0 0.0 0
225 470 1 3 0.0 0
450 43 2 0 0.0 0
950 552 0 0 0.0 0
335 493 3 0 0.0 0
990 612 0 0 0.0 0
71
985 43 3 0 0.0 0
505 955 0 4 0.0 0
360 843 3 2 0.0 0
496 797 1 1 0.0 0
33 114 3 4 0.0 0
972 383 3 2 0.0 0
24 543 4 2 0.0 0
169 550 1 3 0.0 0
70 865 1 0 0.0 0
331 909 2 0 0.0 0
571 556 1 0 0.0 0
794 773 1 2 0.0 0
990 894 0 2 0.0 0
703 407 1 2 0.0 0
817 621 2 0 0.0 0
769 275 1 2 0.0 0
887 993 3 1 0.0 0
954 402 3 0 0.0 0
366 220 0 4 0.0 0
73 925 4 4 0.0 0
642 35 3 0 0.0 0
673 319 3 0 0.0 0
310 213 1 4 0.0 0
281 795 0 0 0.0 0
408 638 0 0 0.0 0
437 607 0 0 0.0 0
885 187 2 4 0.0 0
212 307 1 0 0.0 0
884 508 2 1 0.0 0
392 913 2 3 0.0 0
553 691 1 4 0.0 0
296 789 4 2 0.0 0
831 253 3 2 0.0 0
70 984 1 0 0.0 0
766 718 3 1 0.0 0
338 843 4 2 0.0 0
601 449 2 1 0.0 0
210 765 2 2 0.0 0
54 411 2 4 0.0 0
7 623 1 4 0.0 0
371 605 2 1 0.0 0
744 214 1 4 0.0 0
795 49 0 0 0.0 0
982 528 1 2 0.0 0
966 473 1 4 0.0 0
505 209 0 1 0.0 0
811 851 0 1 0.0 0
786 666 3 3 0.0 0
46 837 0 0 0.0 0
217 665 2 1 0.0 0
158 164 2 3 0.0 0
989 200 1 3 0.0 0
329 565 0 2 0.0 0
446 740 4 2 0.0 0
494 987 3 4 0.0 0
358 817 0 2 0.0 0
766 795 3 0 0.0 0
314 110 2 0 0.0 0
683 201 3 3 0.0 0
587 156 2 4 0.0 0
499 713 4 3 0.0 0
553 854 1 4 0.0 0
537 558 4 0 0.0 0
122 49 3 0 0.0 0
983 737 1 0 0.0 0
852 723 2 3 0.0 0
641 866 3 1 0.0 0
739 37 2 1 0.0 0
320 764 2 3 0.0 0
596 609 1 4 0.0 0
329 303 0 4 0.0 0
5
649 645 3 1 0.0 0
447 415 0 3 0.0 0
997 261 3 2 0.0 0
989 685 1 1 0.0 0
744 743 1 2 0.0 0
4
349 314 0 2 0.0 0
11 365 1 2 0.0 0
494 231 3 2 0.0 0
529 965 4 3 0.0 0
83
160 798 2 4 0.0 0
216 309 4 0 0.0 0
498 189 2 4 0.0 0
364 649 3 3 0.0 0
499 936 4 1 0.0 0
851 759 1 3 0.0 0
873 191 3 4 0.0 0
540 192 4 2 0.0 0
619 292 2 1 0.0 0
976 404 0 1 0.0 0
67 175 2 1 0.0 0
332 163 1 2 0.0 0
382 682 1 1 0.0 0
681 379 2 4 0.0 0
628 263 4 1 0.0 0
29 143 4 2 0.0 0
937 583 2 1 0.0 0
598 901 3 2 0.0 0
811 885 0 2 0.0 0
10 351 0 4 0.0 0
869 266 3 4 0.0 0
812 431 1 2 0.0 0
999 529 1 4 0.0 0
171 772 2 1 0.0 0
941 840 0 4 0.0 0
173 703 0 1 0.0 0
727 351 4 4 0.0 0
722 822 2 1 0.0 0
340 150 4 3 0.0 0
922 643 4 2 0.0 0
406 406 1 1 0.0 0
992 216 4 4 0.0 0
661 818 2 3 0.0 0
922 709 4 2 0.0 0
894 611 2 1 0.0 0
640 352 0 3 0.0 0
818 495 3 3 0.0 0
117 196 0 1 0.0 0
588 268 4 2 0.0 0
653 932 0 0 0.0 0
295 51 2 2 0.0 0
817 85 2 1 0.0 0
306 716 1 0 0.0 0
361 641 4 3 0.0 0
103 119 4 0 0.0 0
184 888 3 1 0.0 0
899 176 0 2 0.0 0
653 854 0 4 0.0 0
909 122 0 3 0.0 0
276 349 4 0 0.0 0
407 116 2 4 0.0 0
31 758 2 1 0.0 0
422 881 0 4 0.0 0
119 141 0 1 0.0 0
503 957 3 0 0.0 0
309 139 0 1 0.0 0
346 231 1 2 0.0 0
652 670 1 2 0.0 0
12 426 3 1 0.0 0
573 535 3 2 0.0 0
778 181 4 1 0.0 0
459 815 2 4 0.0 0
585 161 1 1 0.0 0
70 628 1 4 0.0 0
492 950 4 0 0.0 0
861 467 2 1 0.0 0
471 44 0 0 0.0 0
966 812 1 1 0.0 0
763 921 4 4 0.0 0
668 385 0 0 0.0 0
327 327 3 3 0.0 0
257 556 1 0 0.0 0
18 491 4 0 0.0 0
605 72 1 1 0.0 0
675 103 1 4 0.0 0
186 817 4 2 0.0 0
575 929 4 3 0.0 0
461 936 2 1 0.0 0
726 623 4 4 0.0 0
385 13 0 4 0.0 0
981 375 2 4 0.0 0
541 676 0 1 0.0 0
923 849 2 0 0.0 0
89
940 849 1 0 0.0 0
759 406 3 1 0.0 0
133 690 2 0 0.0 0
239 292 1 1 0.0 0
944 816 0 0 0.0 0
745 552 3 0 0.0 0
497 340 3 4 0.0 0
5 928 4 2 0.0 0
411 669 4 2 0.0 0
467 785 1 2 0.0 0
305 735 0 2 0.0 0
885 662 2 3 0.0 0
827 776 1 1 0.0 0
477 831 1 3 0.0 0
992 728 4 3 0.0 0
62 684 1 1 0.0 0
929 97 3 2 0.0 0
259 94 1 2 0.0 0
960 804 4 2 0.0 0
554 182 1 0 0.0 0
202 316 0 1 0.0 0
320 667 2 1 0.0 0
736 712 1 0 0.0 0
194 966 3 1 0.0 0
887 621 3 0 0.0 0
923 501 2 2 0.0 0
40 531 0 3 0.0 0
912 556 3 0 0.0 0
393 396 1 3 0.0 0
312 516 3 0 0.0 0
838 73 4 4 0.0 0
25 77 1 0 0.0 0
885 453 2 1 0.0 0
654 675 1 1 0.0 0
545 22 1 0 0.0 0
772 121 1 1 0.0 0
110 78 0 4 0.0 0
176 648 2 0 0.0 0
795 901 0 2 0.0 0
483 117 4 0 0.0 0
616 957 2 0 0.0 0
339 563 3 1 0.0 0
805 708 4 1 0.0 0
876 63 0 4 0.0 0
177 350 3 1 0.0 0
491 675 0 1 0.0 0
155 958 3 3 0.0 0
341 281 0 0 0.0 0
250 86 0 2 0.0 0
313 140 4 0 0.0 0
807 596 3 1 0.0 0
546 85 0 1 0.0 0
988 670 4 2 0.0 0
188 574 3 0 0.0 0
281 360 0 3 0.0 0
116 904 4 4 0.0 0
367 103 1 4 0.0 0
698 599 2 2 0.0 0
509 231 4 2 0.0 0
879 914 2 1 0.0 0
869 766 3 3 0.0 0
859 42 4 2 0.0 0
46 635 0 3 0.0 0
815 753 4 2 0.0 0
148 132 4 3 0.0 0
883 408 0 0 0.0 0
847 314 3 2 0.0 0
488 15 2 0 0.0 0
41 333 1 3 0.0 0
338 203 4 0 0.0 0
121 574 1 0 0.0 0
9 721 0 0 0.0 0
480 690 3 0 0.0 0
754 866 0 1 0.0 0
887 602 3 3 0.0 0
468 151 0 2 0.0 0
448 636 1 0 0.0 0
316 623 1 4 0.0 0
701 653 3 0 0.0 0
724 906 3 0 0.0 0
204 672 3 4 0.0 0
830 141 3 1 0.0 0
288 654 1 1 0.0 0
387 767 4 0 0.0 0
6 730 1 3 0.0 0
188 957 3 0 0.0 0
72 260 1 2 0.0 0
870 435 1 0 0.0 0
389 703 4 1 0.0 0
30
929 525 3 4 0.0 0
544 712 2 0 0.0 0
328 481 3 0 0.0 0
514 936 4 1 0.0 0
809 875 4 4 0.0 0
841 39 0 1 0.0 0
172 205 4 1 0.0 0
522 688 3 1 0.0 0
609 574 4 0 0.0 0
763 30 4 1 0.0 0
993 799 1 0 0.0 0
214 566 4 1 0.0 0
4 953 0 1 0.0 0
965 849 3 0 0.0 0
648 743 0 2 0.0 0
630 33 4 3 0.0 0
51 724 2 3 0.0 0
949 913 2 3 0.0 0
704 39 1 1 0.0 0
560 776 3 1 0.0 0
134 916 1 2 0.0 0
786 731 3 0 0.0 0
195 131 2 2 0.0 0
435 676 0 1 0.0 0
652 883 1 0 0.0 0
622 729 0 1 0.0 0
824 157 0 1 0.0 0
819 433 0 3 0.0 0
606 744 4 1 0.0 0
366 767 0 0 0.0 0
55
848 53 2 3 0.0 0
815 579 4 3 0.0 0
757 180 2 3 0.0 0
929 944 3 0 0.0 0
638 380 0 3 0.0 0
798 956 4 3 0.0 0
731 689 0 3 0.0 0
896 486 4 1 0.0 0
752 50 3 1 0.0 0
815 481 4 0 0.0 0
908 989 4 1 0.0 0
436 928 4 2 0.0 0
897 773 3 2 0.0 0
6 894 1 2 0.0 0
173 29 0 4 0.0 0
484 136 1 3 0.0 0
223 961 2 2 0.0 0
252 351 4 4 0.0 0
205 656 1 1 0.0 0
554 239 1 1 0.0 0
407 404 2 1 0.0 0
345 319 0 0 0.0 0
974 861 3 2 0.0 0
329 687 0 1 0.0 0
668 951 0 1 0.0 0
31 676 2 1 0.0 0
303 305 4 0 0.0 0
417 334 4 2 0.0 0
323 543 2 2 0.0 0
386 513 1 3 0.0 0
35 566 0 1 0.0 0
755 738 0 0 0.0 0
246 577 2 3 0.0 0
764 455 3 4 0.0 0
873 526 3 4 0.0 0
933 979 0 1 0.0 0
803 941 3 0 0.0 0
742 457 0 2 0.0 0
825 309 4 0 0.0 0
594 657 0 3 0.0 0
23 139 3 1 0.0 0
26 906 0 0 0.0 0
903 453 0 1 0.0 0
619 138 2 0 0.0 0
724 481 3 0 0.0 0
188 117 3 0 0.0 0
576 483 1 4 0.0 0
126 648 3 0 0.0 0
285 261 4 2 0.0 0
656 880 1 1 0.0 0
54 440 2 0 0.0 0
7 677 1 3 0.0 0
873 974 3 3 0.0 0
197 493 4 0 0.0 0
208 659 4 0 0.0 0
56
380 240 3 4 0.0 0
68 717 0 0 0.0 0
15 553 0 1 0.0 0
771 954 4 3 0.0 0
53 631 3 3 0.0 0
73 223 4 2 0.0 0
29 656 4 1 0.0 0
393 645 1 1 0.0 0
44 617 0 2 0.0 0
489 812 2 1 0.0 0
830 875 3 4 0.0 0
442 469 2 4 0.0 0
695 247 1 0 0.0 0
276 399 4 4 0.0 0
249 547 1 1 0.0 0
91 74 3 4 0.0 0
513 482 3 4 0.0 0
171 379 2 4 0.0 0
327 388 3 1 0.0 0
149 663 1 0 0.0 0
655 960 1 4 0.0 0
263 959 1 4 0.0 0
271 29 1 4 0.0 0
928 889 2 3 0.0 0
911 928 2 2 0.0 0
261 710 2 1 0.0 0
653 607 0 0 0.0 0
14 366 3 0 0.0 0
384 7 2 1 0.0 0
518 160 3 2 0.0 0
592 845 4 4 0.0 0
653 696 0 2 0.0 0
745 700 3 1 0.0 0
324 392 2 2 0.0 0
455 955 4 4 0.0 0
535 77 2 0 0.0 0
609 383 4 2 0.0 0
855 202 2 0 0.0 0
671 802 1 1 0.0 0
549 636 0 0 0.0 0
616 488 2 2 0.0 0
327 448 3 1 0.0 0
859 327 4 3 0.0 0
973 789 0 2 0.0 0
720 282 0 0 0.0 0
707 850 2 2 0.0 0
896 836 4 2 0.0 0
557 213 1 4 0.0 0
156 222 4 4 0.0 0
134 368 1 4 0.0 0
883 736 0 1 0.0 0
185 52 2 0 0.0 0
795 381 0 0 0.0 0
402 820 0 0 0.0 0
921 608 4 2 0.0 0
672 93 4 1 0.0 0
60
310 679 1 3 0.0 0
776 942 1 0 0.0 0
640 412 0 2 0.0 0
105 750 2 0 0.0 0
486 884 1 2 0.0 0
89 316 2 1 0.0 0
171 228 2 1 0.0 0
480 319 3 0 0.0 0
70 801 1 3 0.0 0
542 143 4 2 0.0 0
365 759 2 3 0.0 0
13 177 4 3 0.0 0
750 834 0 2 0.0 0
762 421 3 4 0.0 0
963 553 1 1 0.0 0
413 203 1 0 0.0 0
281 701 0 3 0.0 0
73 931 4 4 0.0 0
234 686 2 4 0.0 0
84 299 3 0 0.0 0
545 237 1 1 0.0 0
410 882 2 3 0.0 0
835 629 3 4 0.0 0
635 359 3 1 0.0 0
586 939 2 0 0.0 0
681 727 2 4 0.0 0
183 775 4 2 0.0 0
113 917 4 1 0.0 0
619 769 2 1 0.0 0
183 130 4 3 0.0 0
597 379 1 4 0.0 0
413 734 1 1 0.0 0
383 661 2 2 0.0 0
40 808 0 1 0.0 0
312 391 3 0 0.0 0
685 489 1 2 0.0 0
563 558 1 0 0.0 0
88 397 0 0 0.0 0
391 500 0 1 0.0 0
38 497 0 3 0.0 0
944 974 0 3 0.0 0
611 818 1 3 0.0 0
902 718 1 1 0.0 0
520 249 3 1 0.0 0
697 340 4 4 0.0 0
48 566 4 1 0.0 0
160 598 2 3 0.0 0
69 959 4 4 0.0 0
256 452 1 2 0.0 0
801 424 3 1 0.0 0
854 246 4 2 0.0 0
886 132 2 3 0.0 0
793 501 0 2 0.0 0
889 976 3 0 0.0 0
202 768 0 0 0.0 0
225 789 1 2 0.0 0
392 94 2 2 0.0 0
955 669 4 2 0.0 0
869 636 3 0 0.0 0
939 922 0 4 0.0 0
83
46 782 0 2 0.0 0
210 166 2 4 0.0 0
20 546 2 0 0.0 0
940 434 1 1 0.0 0
158 800 2 4 0.0 0
3 557 0 1 0.0 0
844 159 2 1 0.0 0
661 60 2 1 0.0 0
469 987 4 4 0.0 0
21 558 4 0 0.0 0
299 233 0 4 0.0 0
32 413 0 1 0.0 0
152 240 3 4 0.0 0
218 6 1 1 0.0 0
929 289 3 2 0.0 0
176 832 2 0 0.0 0
587 874 2 0 0.0 0
522 472 3 4 0.0 0
940 224 1 2 0.0 0
253 181 2 1 0.0 0
152 940 3 1 0.0 0
614 251 4 4 0.0 0
810 998 3 1 0.0 0
697 697 4 4 0.0 0
67 281 2 0 0.0 0
918 36 2 1 0.0 0
365 739 2 2 0.0 0
569 46 2 0 0.0 0
959 765 4 2 0.0 0
451 141 2 1 0.0 0
86 51 2 2 0.0 0
136 820 3 0 0.0 0
537 442 4 2 0.0 0
272 273 0 2 0.0 0
583 109 1 1 0.0 0
382 858 1 3 0.0 0
711 902 2 1 0.0 0
778 530 4 1 0.0 0
905 307 0 0 0.0 0
279 797 3 1 0.0 0
308 473 1 4 0.0 0
375 10 4 0 0.0 0
445 604 0 1 0.0 0
135 204 1 3 0.0 0
658 955 0 4 0.0 0
571 306 1 1 0.0 0
651 678 1 3 0.0 0
921 261 4 2 0.0 0
140 354 0 3 0.0 0
614 937 4 2 0.0 0
237 368 1 4 0.0 0
216 287 4 2 0.0 0
302 505 0 0 0.0 0
905 708 0 1 0.0 0
703 108 1 1 0.0 0
253 5 2 4 0.0 0
435 501 0 2 0.0 0
481 582 0 3 0.0 0
982 315 1 0 0.0 0
536 891 4 3 0.0 0
531 546 3 0 0.0 0
83 444 0 3 0.0 0
170 753 3 2 0.0 0
467 376 1 0 0.0 0
783 691 1 4 0.0 0
806 168 0 1 0.0 0
304 735 1 2 0.0 0
840 352 4 3 0.0 0
387 888 4 1 0.0 0
984 224 0 2 0.0 0
175 704 1 1 0.0 0
931 140 4 0 0.0 0
598 584 3 0 0.0 0
959 754 4 0 0.0 0
799 620 0 3 0.0 0
155 208 3 4 0.0 0
504 54 2 2 0.0 0
544 126 2 3 0.0 0
225 841 1 0 0.0 0
282 601 0 2 0.0 0
209 273 1 2 0.0 0
420 183 1 4 0.0 0
239 521 1 1 0.0 0
93
273 772 2 1 0.0 0
932 831 0 3 0.0 0
591 708 2 1 0.0 0
885 859 2 4 0.0 0
944 377 0 1 0.0 0
213 929 4 3 0.0 0
374 745 0 3 0.0 0
720 33 0 3 0.0 0
776 844 1 2 0.0 0
49 703 0 1 0.0 0
671 191 1 4 0.0 0
847 237 3 1 0.0 0
468 119 0 0 0.0 0
429 685 0 1 0.0 0
511 33 2 3 0.0 0
620 982 3 1 0.0 0
775 56 2 3 0.0 0
321 641 4 3 0.0 0
34 192 2 2 0.0 0
819 955 0 4 0.0 0
500 882 1 3 0.0 0
53 726 3 4 0.0 0
355 190 2 0 0.0 0
348 453 1 1 0.0 0
303 985 4 3 0.0 0
134 986 1 1 0.0 0
400 251 0 4 0.0 0
815 499 4 4 0.0 0
167 818 4 3 0.0 0
354 712 3 0 0.0 0
952 515 1 3 0.0 0
751 634 3 0 0.0 0
565 422 2 0 0.0 0
152 586 3 2 0.0 0
377 545 1 1 0.0 0
390 607 0 0 0.0 0
798 711 4 2 0.0 0
764 991 3 0 0.0 0
786 309 3 0 0.0 0
199 74 0 4 0.0 0
289 677 2 3 0.0 0
183 772 4 1 0.0 0
73 362 4 1 0.0 0
290 80 1 4 0.0 0
237 328 1 3 0.0 0
732 946 0 0 0.0 0
25 996 1 2 0.0 0
408 220 0 4 0.0 0
474 377 4 1 0.0 0
885 587 2 2 0.0 0
180 925 3 4 0.0 0
287 795 2 0 0.0 0
10 234 0 2 0.0 0
692 610 2 0 0.0 0
561 694 2 1 0.0 0
752 994 3 2 0.0 0
955 922 4 4 0.0 0
886 30 2 1 0.0 0
746 203 0 0 0.0 0
124 134 3 1 0.0 0
787 486 2 1 0.0 0
403 147 2 3 0.0 0
197 737 4 0 0.0 0
214 593 4 1 0.0 0
849 337 0 2 0.0 0
417 933 4 0 0.0 0
277 1 4 0 0.0 0
451 731 2 0 0.0 0
436 181 4 1 0.0 0
639 121 4 1 0.0 0
203 351 0 4 0.0 0
933 140 0 0 0.0 0
634 467 0 1 0.0 0
990 961 0 2 0.0 0
758 101 1 2 0.0 0
861 836 2 2 0.0 0
454 773 1 2 0.0 0
91 523 3 3 0.0 0
411 809 4 4 0.0 0
160 516 2 0 0.0 0
558 435 0 0 0.0 0
616 183 2 4 0.0 0
922 134 4 1 0.0 0
312 813 3 2 0.0 0
265 787 4 2 0.0 0
961 324 2 2 0.0 0
800 183 4 4 0.0 0
860 355 1 2 0.0 0
129 634 3 0 0.0 0
746 926 0 3 0.0 0
530 462 1 1 0.0 0
819 166 0 4 0.0 0
74 832 4 0 0.0 0
42
77 810 0 3 0.0 0
883 697 0 4 0.0 0
396 84 3 3 0.0 0
425 839 0 3 0.0 0
564 880 3 1 0.0 0
161 753 1 2 0.0 0
53 386 3 1 0.0 0
191 729 4 1 0.0 0
851 994 1 2 0.0 0
515 695 3 1 0.0 0
564 210 3 2 0.0 0
707 630 2 4 0.0 0
315 794 0 1 0.0 0
156 823 4 2 0.0 0
215 49 3 0 0.0 0
802 904 1 4 0.0 0
342 729 3 1 0.0 0
93 383 1 2 0.0 0
627 732 2 0 0.0 0
557 456 1 3 0.0 0
241 133 2 2 0.0 0
384 463 2 4 0.0 0
343 776 0 1 0.0 0
34 477 2 1 0.0 0
936 393 1 1 0.0 0
442 338 2 4 0.0 0
459 940 2 1 0.0 0
631 473 3 4 0.0 0
300 310 4 1 0.0 0
295 798 2 4 0.0 0
245 363 2 2 0.0 0
229 137 2 4 0.0 0
914 104 1 0 0.0 0
309 844 0 2 0.0 0
631 518 3 3 0.0 0
802 537 1 4 0.0 0
258 972 0 3 0.0 0
459 124 2 3 0.0 0
680 910 0 1 0.0 0
887 73 3 4 0.0 0
330 87 2 3 0.0 0
316 55 1 3 0.0 0
57
1 467 0 1 0.0 0
888 939 1 0 0.0 0
857 610 2 0 0.0 0
26 933 0 0 0.0 0
59 849 1 0 0.0 0
420 734 1 1 0.0 0
942 763 0 4 0.0 0
876 388 0 1 0.0 0
564 949 3 2 0.0 0
298 883 4 0 0.0 0
430 884 0 2 0.0 0
572 234 3 2 0.0 0
473 326 4 4 0.0 0
720 758 0 1 0.0 0
179 921 0 4 0.0 0
570 270 2 3 0.0 0
971 217 4 2 0.0 0
684 610 1 0 0.0 0
593 180 1 3 0.0 0
640 981 0 2 0.0 0
484 869 1 3 0.0 0
848 959 2 4 0.0 0
370 566 4 1 0.0 0
557 314 1 2 0.0 0
769 508 1 1 0.0 0
28 616 2 2 0.0 0
744 761 1 1 0.0 0
45 981 3 2 0.0 0
25 480 1 3 0.0 0
288 827 1 1 0.0 0
724 319 3 0 0.0 0
927 736 2 1 0.0 0
956 487 3 3 0.0 0
605 290 1 1 0.0 0
780 211 0 3 0.0 0
228 837 1 0 0.0 0
265 140 4 0 0.0 0
830 919 3 2 0.0 0
578 602 2 3 0.0 0
257 52 1 0 0.0 0
758 235 1 3 0.0 0
552 909 0 0 0.0 0
416 45 1 3 0.0 0
578 745 2 3 0.0 0
275 529 2 4 0.0 0
770 218 4 1 0.0 0
561 773 2 2 0.0 0
923 396 2 3 0.0 0
41 109 1 1 0.0 0
595 889 3 3 0.0 0
65 948 2 4 0.0 0
860 96 1 4 0.0 0
155 255 3 0 0.0 0
815 365 4 2 0.0 0
469 59 4 1 0.0 0
135 821 1 3 0.0 0
631 380 3 3 0.0 0
21
169 223 1 2 0.0 0
357 774 3 1 0.0 0
162 453 1 1 0.0 0
682 591 1 2 0.0 0
523 217 3 2 0.0 0
679 74 3 4 0.0 0
571 968 1 1 0.0 0
910 774 1 1 0.0 0
551 818 2 3 0.0 0
802 100 1 1 0.0 0
97 242 2 2 0.0 0
343 475 0 3 0.0 0
801 780 3 0 0.0 0
294 753 4 2 0.0 0
15 61 0 3 0.0 0
214 462 4 1 0.0 0
203 423 0 2 0.0 0
372 773 1 2 0.0 0
705 538 3 4 0.0 0
516 209 0 1 0.0 0
116 990 4 0 0.0 0
21
271 265 1 4 0.0 0
505 220 0 4 0.0 0
74 109 4 1 0.0 0
858 566 3 1 0.0 0
779 790 4 1 0.0 0
386 689 1 3 0.0 0
61 934 3 2 0.0 0
718 183 1 4 0.0 0
368 907 4 0 0.0 0
297 845 2 4 0.0 0
297 269 2 4 0.0 0
176 274 2 0 0.0 0
296 635 4 3 0.0 0
639 665 4 1 0.0 0
380 956 3 3 0.0 0
777 148 2 4 0.0 0
791 164 1 3 0.0 0
490 231 0 2 0.0 0
914 432 1 1 0.0 0
785 523 2 3 0.0 0
483 225 4 1 0.0 0
67
426 372 1 1 0.0 0
495 714 3 4 0.0 0
631 142 3 3 0.0 0
244 894 0 2 0.0 0
524 918 2 2 0.0 0
101 584 2 0 0.0 0
450 218 2 1 0.0 0
996 388 2 1 0.0 0
775 939 2 0 0.0 0
277 304 4 1 0.0 0
874 725 0 3 0.0 0
830 284 3 0 0.0 0
268 709 2 2 0.0 0
729 359 1 1 0.0 0
172 830 4 3 0.0 0
475 166 3 4 0.0 0
545 527 1 1 0.0 0
973 632 0 0 0.0 0
292 110 1 0 0.0 0
878 53 4 3 0.0 0
526 705 4 3 0.0 0
342 916 3 2 0.0 0
415 959 3 4 0.0 0
872 211 4 3 0.0 0
71 331 1 2 0.0 0
418 242 3 2 0.0 0
818 677 3 3 0.0 0
817 518 2 3 0.0 0
876 856 0 2 0.0 0
972 130 3 3 0.0 0
676 16 1 4 0.0 0
61 897 3 3 0.0 0
596 232 1 4 0.0 0
286 53 1 3 0.0 0
623 411 4 4 0.0 0
384 422 2 0 0.0 0
242 513 2 3 0.0 0
275 487 2 3 0.0 0
173 348 0 1 0.0 0
543 31 2 2 0.0 0
942 715 0 2 0.0 0
288 277 1 4 0.0 0
302 880 0 1 0.0 0
469 517 4 2 0.0 0
397 526 0 4 0.0 0
878 602 4 3 0.0 0
598 985 3 3 0.0 0
318 9 0 0 0.0 0
179 754 0 0 0.0 0
310 716 1 0 0.0 0
500 998 1 1 0.0 0
11 166 1 4 0.0 0
261 59 2 1 0.0 0
74 628 4 4 0.0 0
933 544 0 2 0.0 0
547 200 1 3 0.0 0
612 278 0 4 0.0 0
83 283 0 2 0.0 0
352 452 3 2 0.0 0
586 143 2 2 0.0 0
84 404 3 1 0.0 0
460 937 2 2 0.0 0
156 546 4 0 0.0 0
696 636 2 0 0.0 0
195 906 2 0 0.0 0
890 776 2 1 0.0 0
292 9 1 0 0.0 0
8
861 669 2 2 0.0 0
698 998 2 1 0.0 0
70 877 1 2 0.0 0
20 885 2 2 0.0 0
524 717 2 0 0.0 0
682 234 1 2 0.0 0
239 529 1 4 0.0 0
484 989 1 1 0.0 0
98
55 365 3 2 0.0 0
601 377 2 1 0.0 0
503 411 3 4 0.0 0
593 629 1 4 0.0 0
775 76 2 2 0.0 0
241 102 2 2 0.0 0
601 331 2 2 0.0 0
207 714 3 4 0.0 0
349 728 0 3 0.0 0
661 901 2 2 0.0 0
234 850 2 2 0.0 0
581 482 3 4 0.0 0
342 277 3 4 0.0 0
802 435 1 0 0.0 0
183 931 4 4 0.0 0
524 953 2 1 0.0 0
226 515 2 3 0.0 0
802 615 1 3 0.0 0
838 341 4 0 0.0 0
411 579 4 3 0.0 0
443 601 1 2 0.0 0
714 460 4 2 0.0 0
321 55 4 3 0.0 0
349 246 0 2 0.0 0
526 123 4 3 0.0 0
919 975 2 0 0.0 0
894 418 2 3 0.0 0
829 147 2 3 0.0 0
657 619 3 2 0.0 0
43 374 0 0 0.0 0
262 47 4 3 0.0 0
566 710 1 1 0.0 0
481 892 0 3 0.0 0
191 138 4 0 0.0 0
847 144 3 4 0.0 0
800 767 4 0 0.0 0
478 498 3 2 0.0 0
785 923 2 2 0.0 0
400 531 0 3 0.0 0
798 708 4 1 0.0 0
637 262 3 4 0.0 0
462 639 1 4 0.0 0
120 329 1 0 0.0 0
987 869 4 3 0.0 0
682 750 1 0 0.0 0
649 102 3 2 0.0 0
444 878 3 4 0.0 0
459 195 2 2 0.0 0
936 234 1 2 0.0 0
937 268 2 2 0.0 0
11 930 1 2 0.0 0
47 894 3 2 0.0 0
54 217 2 2 0.0 0
170 675 3 1 0.0 0
175 453 1 1 0.0 0
81 929 3 3 0.0 0
919 595 2 3 0.0 0
763 589 4 3 0.0 0
562 823 0 2 0.0 0
422 348 0 1 0.0 0
629 160 4 2 0.0 0
198 59 0 1 0.0 0
258 446 0 4 0.0 0
114 829 4 2 0.0 0
219 390 2 0 0.0 0
684 877 1 2 0.0 0
163 434 2 1 0.0 0
454 724 1 3 0.0 0
662 857 3 2 0.0 0
79 126 0 3 0.0 0
399 219 4 2 0.0 0
316 153 1 2 0.0 0
815 772 4 1 0.0 0
610 50 0 1 0.0 0
268 651 2 1 0.0 0
996 948 2 4 0.0 0
768 76 0 2 0.0 0
332 503 1 3 0.0 0
625 510 3 4 0.0 0
576 953 1 1 0.0 0
976 429 0 0 0.0 0
106 757 0 2 0.0 0
822 414 1 4 0.0 0
563 669 1 2 0.0 0
764 396 3 3 0.0 0
851 795 1 0 0.0 0
32 908 0 4 0.0 0
567 706 3 0 0.0 0
835 652 3 1 0.0 0
45 711 3 2 0.0 0
957 889 0 3 0.0 0
204 618 3 0 0.0 0
494 77 3 0 0.0 0
893 514 0 4 0.0 0
322 12 3 3 0.0 0
989 691 1 4 0.0 0
338 999 4 1 0.0 0
909 861 0 2 0.0 0
50
853 475 4 3 0.0 0
503 652 3 1 0.0 0
902 585 1 1 0.0 0
731 392 0 2 0.0 0
670 702 2 2 0.0 0
286 379 1 4 0.0 0
718 834 1 2 0.0 0
357 451 3 2 0.0 0
418 220 3 4 0.0 0
555 214 4 4 0.0 0
13 666 4 3 0.0 0
676 578 1 2 0.0 0
542 117 4 0 0.0 0
999 605 1 1 0.0 0
800 382 4 1 0.0 0
414 785 4 2 0.0 0
773 358 2 0 0.0 0
918 933 2 0 0.0 0
431 964 2 4 0.0 0
671 418 1 3 0.0 0
48 695 4 1 0.0 0
700 554 1 1 0.0 0
507 832 2 0 0.0 0
307 381 0 0 0.0 0
651 362 1 1 0.0 0
243 472 2 4 0.0 0
447 726 0 4 0.0 0
997 59 3 1 0.0 0
420 188 1 3 0.0 0
443 940 1 1 0.0 0
203 370 0 4 0.0 0
695 840 1 4 0.0 0
909 19 0 3 0.0 0
206 624 3 1 0.0 0
844 423 2 2 0.0 0
455 832 4 0 0.0 0
449 452 1 2 0.0 0
967 988 2 4 0.0 0
151 586 2 2 0.0 0
506 833 4 1 0.0 0
435 39 0 1 0.0 0
102 640 2 0 0.0 0
293 785 4 2 0.0 0
551 431 2 2 0.0 0
915 2 3 4 0.0 0
298 503 4 3 0.0 0
729 989 1 1 0.0 0
154 550 3 3 0.0 0
99 926 1 3 0.0 0
83 191 0 4 0.0 0
37
753 631 2 3 0.0 0
48 381 4 0 0.0 0
457 823 2 2 0.0 0
612 113 0 4 0.0 0
854 289 4 2 0.0 0
911 473 2 4 0.0 0
137 368 4 4 0.0 0
627 834 2 2 0.0 0
293 163 4 2 0.0 0
541 786 0 3 0.0 0
585 955 1 4 0.0 0
218 994 1 2 0.0 0
359 294 1 4 0.0 0
272 488 0 2 0.0 0
820 859 0 4 0.0 0
5 988 4 4 0.0 0
468 614 0 4 0.0 0
18 585 4 1 0.0 0
587 229 2 2 0.0 0
532 702 2 2 0.0 0
302 732 0 0 0.0 0
309 141 0 1 0.0 0
940 813 1 2 0.0 0
713 405 3 1 0.0 0
553 553 1 1 0.0 0
44 493 0 0 0.0 0
168 454 1 1 0.0 0
550 571 3 1 0.0 0
809 165 4 2 0.0 0
861 846 2 1 0.0 0
473 773 4 2 0.0 0
468 528 0 2 0.0 0
599 637 2 3 0.0 0
20 871 2 2 0.0 0
38 349 0 0 0.0 0
327 274 3 0 0.0 0
586 388 2 1 0.0 0
17
621 962 0 4 0.0 0
622 314 0 2 0.0 0
122 653 3 0 0.0 0
745 877 3 2 0.0 0
527 171 1 2 0.0 0
319 879 0 2 0.0 0
445 521 0 1 0.0 0
623 693 4 2 0.0 0
987 60 4 1 0.0 0
595 594 3 0 0.0 0
91 862 3 3 0.0 0
338 385 4 0 0.0 0
19 826 3 4 0.0 0
289 557 2 1 0.0 0
591 438 2 1 0.0 0
622 689 0 3 0.0 0
189 93 4 1 0.0 0
80
298 905 4 0 0.0 0
788 423 3 2 0.0 0
629 985 4 3 0.0 0
398 833 3 1 0.0 0
44 630 0 4 0.0 0
389 694 4 1 0.0 0
401 513 2 3 0.0 0
266 921 4 4 0.0 0
851 556 1 0 0.0 0
957 382 0 1 0.0 0
997 873 3 3 0.0 0
372 526 1 4 0.0 0
299 308 0 1 0.0 0
789 621 2 0 0.0 0
790 140 1 0 0.0 0
552 659 0 0 0.0 0
121 447 1 0 0.0 0
528 620 2 3 0.0 0
221 906 0 0 0.0 0
954 127 3 1 0.0 0
467 606 1 4 0.0 0
846 480 1 3 0.0 0
929 41 3 1 0.0 0
413 119 1 0 0.0 0
539 471 4 0 0.0 0
545 526 1 4 0.0 0
547 999 1 1 0.0 0
704 568 1 3 0.0 0
903 818 0 3 0.0 0
548 906 3 0 0.0 0
637 828 3 2 0.0 0
612 638 0 0 0.0 0
304 458 1 3 0.0 0
241 5 2 4 0.0 0
912 85 3 1 0.0 0
577 571 3 1 0.0 0
332 344 1 1 0.0 0
18 592 4 4 0.0 0
201 485 3 1 0.0 0
775 447 2 0 0.0 0
850 9 2 0 0.0 0
400 529 0 4 0.0 0
638 268 0 2 0.0 0
833 376 1 0 0.0 0
162 144 1 4 0.0 0
640 337 0 2 0.0 0
331 378 2 0 0.0 0
813 30 2 1 0.0 0
263 800 1 4 0.0 0
29 15 4 0 0.0 0
355 405 2 1 0.0 0
406 462 1 1 0.0 0
553 368 1 4 0.0 0
751 380 3 3 0.0 0
789 622 2 0 0.0 0
963 400 1 0 0.0 0
674 154 1 3 0.0 0
250 75 0 0 0.0 0
916 428 2 3 0.0 0
449 695 1 1 0.0 0
180 893 3 0 0.0 0
298 772 4 1 0.0 0
667 695 1 1 0.0 0
932 732 0 0 0.0 0
525 710 4 1 0.0 0
458 581 3 3 0.0 0
171 532 2 2 0.0 0
76 679 2 3 0.0 0
849 855 0 2 0.0 0
21 310 4 1 0.0 0
610 401 0 2 0.0 0
754 651 0 1 0.0 0
954 646 3 1 0.0 0
580 368 1 4 0.0 0
913 47 3 3 0.0 0
563 605 1 1 0.0 0
374 519 0 3 0.0 0
502 641 3 3 0.0 0
738 21 0 4 0.0 0
180 616 3 2 0.0 0
53
404 477 1 1 0.0 0
38 660 0 2 0.0 0
653 569 0 2 0.0 0
480 598 3 3 0.0 0
737 644 0 2 0.0 0
300 419 4 3 0.0 0
351 478 4 3 0.0 0
465 669 1 2 0.0 0
478 934 3 2 0.0 0
837 776 0 1 0.0 0
914 881 1 4 0.0 0
682 492 1 4 0.0 0
732 864 0 2 0.0 0
715 983 2 1 0.0 0
377 399 1 4 0.0 0
995 781 2 4 0.0 0
841 707 0 2 0.0 0
300 20 4 2 0.0 0
978 785 0 2 0.0 0
296 795 4 0 0.0 0
847 575 3 4 0.0 0
635 655 3 1 0.0 0
722 443 2 1 0.0 0
609 711 4 2 0.0 0
815 716 4 0 0.0 0
86 833 2 1 0.0 0
38 646 0 1 0.0 0
416 648 1 0 0.0 0
531 750 3 0 0.0 0
601 903 2 0 0.0 0
436 44 4 0 0.0 0
838 591 4 2 0.0 0
530 645 1 1 0.0 0
613 371 0 2 0.0 0
550 47 3 3 0.0 0
617 617 2 2 0.0 0
669 134 2 1 0.0 0
670 627 2 2 0.0 0
511 550 2 3 0.0 0
222 7 4 1 0.0 0
527 946 1 0 0.0 0
248 682 1 1 0.0 0
182 765 0 2 0.0 0
286 440 1 0 0.0 0
467 168 1 1 0.0 0
509 51 4 2 0.0 0
616 768 2 0 0.0 0
912 855 3 2 0.0 0
518 153 3 2 0.0 0
61 821 3 3 0.0 0
883 36 0 1 0.0 0
635 871 3 2 0.0 0
484 200 1 3 0.0 0
90
296 326 4 4 0.0 0
393 596 1 1 0.0 0
811 189 0 4 0.0 0
3 682 0 1 0.0 0
6 620 1 3 0.0 0
735 475 2 3 0.0 0
507 629 2 4 0.0 0
602 110 3 0 0.0 0
750 829 0 2 0.0 0
956 25 3 1 0.0 0
617 856 2 2 0.0 0
787 36 2 1 0.0 0
715 952 2 1 0.0 0
479 484 4 1 0.0 0
851 30 1 1 0.0 0
799 440 0 0 0.0 0
106 654 0 1 0.0 0
692 408 2 0 0.0 0
290 480 1 3 0.0 0
324 395 2 4 0.0 0
249 250 1 0 0.0 0
732 455 0 4 0.0 0
424 118 1 2 0.0 0
345 461 0 2 0.0 0
771 798 4 4 0.0 0
560 344 3 1 0.0 0
526 956 4 3 0.0 0
39 396 1 3 0.0 0
296 947 4 1 0.0 0
457 884 2 2 0.0 0
892 744 3 1 0.0 0
257 642 1 3 0.0 0
562 940 0 1 0.0 0
23 350 3 1 0.0 0
498 953 2 1 0.0 0
307 60 0 1 0.0 0
635 984 3 0 0.0 0
572 177 3 3 0.0 0
164 175 3 1 0.0 0
208 77 4 0 0.0 0
924 330 2 2 0.0 0
364 988 3 4 0.0 0
252 707 4 2 0.0 0
154 121 3 1 0.0 0
927 54 2 2 0.0 0
100 305 1 0 0.0 0
887 539 3 4 0.0 0
563 414 1 4 0.0 0
436 369 4 3 0.0 0
467 148 1 4 0.0 0
266 956 4 3 0.0 0
658 950 0 0 0.0 0
561 669 2 2 0.0 0
937 583 2 1 0.0 0
15 180 0 3 0.0 0
60 232 1 4 0.0 0
771 736 4 1 0.0 0
162 291 1 4 0.0 0
536 706 4 0 0.0 0
921 877 4 2 0.0 0
930 855 2 2 0.0 0
374 441 0 4 0.0 0
421 876 4 0 0.0 0
840 607 4 0 0.0 0
585 244 1 0 0.0 0
257 55 1 3 0.0 0
809 429 4 0 0.0 0
911 508 2 1 0.0 0
428 34 3 2 0.0 0
282 991 0 0 0.0 0
270 336 3 0 0.0 0
626 385 3 0 0.0 0
235 897 3 3 0.0 0
409 643 3 2 0.0 0
578 909 2 0 0.0 0
544 242 2 2 0.0 0
307 306 0 1 0.0 0
314 820 2 0 0.0 0
626 327 3 3 0.0 0
124 695 3 1 0.0 0
997 327 3 3 0.0 0
272 688 0 1 0.0 0
300 728 4 3 0.0 0
207 929 3 3 0.0 0
366 895 0 3 0.0 0
280 49 0 0 0.0 0
185 818 2 3 0.0 0
975 946 0 0 0.0 0
486 597 1 1 0.0 0
155 299 3 0 0.0 0
64
890 674 2 1 0.0 0
219 632 2 0 0.0 0
412 506 2 4 0.0 0
143 320 2 2 0.0 0
842 361 0 4 0.0 0
264 509 2 4 0.0 0
913 421 3 4 0.0 0
131 927 2 2 0.0 0
626 625 3 3 0.0 0
695 720 1 0 0.0 0
581 618 3 0 0.0 0
851 434 1 1 0.0 0
716 605 0 1 0.0 0
502 850 3 2 0.0 0
70 413 1 1 0.0 0
17 822 3 1 0.0 0
131 579 2 3 0.0 0
443 970 1 4 0.0 0
896 516 4 0 0.0 0
584 100 0 1 0.0 0
160 941 2 0 0.0 0
957 549 0 0 0.0 0
404 267 1 1 0.0 0
160 759 2 3 0.0 0
632 845 0 4 0.0 0
41 428 1 3 0.0 0
581 14 3 3 0.0 0
739 572 2 3 0.0 0
76 304 2 1 0.0 0
152 81 3 3 0.0 0
211 519 3 3 0.0 0
612 254 0 0 0.0 0
951 619 1 2 0.0 0
588 599 4 2 0.0 0
70 88 1 0 0.0 0
200 244 3 0 0.0 0
989 515 1 3 0.0 0
153 37 2 1 0.0 0
600 315 4 0 0.0 0
501 98 2 1 0.0 0
142 31 3 2 0.0 0
953 31 1 2 0.0 0
742 37 0 1 0.0 0
512 368 0 4 0.0 0
671 825 1 4 0.0 0
465 761 1 1 0.0 0
269 946 4 0 0.0 0
851 283 1 2 0.0 0
80 491 4 0 0.0 0
784 416 2 1 0.0 0
413 731 1 0 0.0 0
899 190 0 0 0.0 0
328 461 3 2 0.0 0
999 686 1 4 0.0 0
85 363 1 2 0.0 0
217 67 2 2 0.0 0
465 3 1 0 0.0 0
114 881 4 4 0.0 0
82 224 4 2 0.0 0
303 876 4 0 0.0 0
336 844 0 2 0.0 0
421 441 4 4 0.0 0
868 734 0 1 0.0 0
75 520 0 3 0.0 0
53
334 810 2 3 0.0 0
876 196 0 1 0.0 0
477 275 1 2 0.0 0
780 873 0 3 0.0 0
950 374 0 0 0.0 0
880 432 1 1 0.0 0
523 423 3 2 0.0 0
776 520 1 3 0.0 0
51 429 2 0 0.0 0
292 246 1 2 0.0 0
741 668 0 0 0.0 0
411 845 4 4 0.0 0
739 205 2 1 0.0 0
107 110 3 0 0.0 0
183 989 4 1 0.0 0
204 958 3 3 0.0 0
558 123 0 3 0.0 0
869 968 3 1 0.0 0
172 982 4 1 0.0 0
997 175 3 1 0.0 0
447 616 0 2 0.0 0
796 167 2 4 0.0 0
776 989 1 1 0.0 0
645 934 1 2 0.0 0
746 563 0 1 0.0 0
664 884 1 2 0.0 0
290 110 1 0 0.0 0
250 258 0 0 0.0 0
255 856 0 2 0.0 0
191 877 4 2 0.0 0
701 979 3 1 0.0 0
17 996 3 2 0.0 0
510 933 4 0 0.0 0
60 981 1 2 0.0 0
262 829 4 2 0.0 0
300 166 4 4 0.0 0
547 924 1 2 0.0 0
18 398 4 3 0.0 0
473 852 4 2 0.0 0
671 785 1 2 0.0 0
418 826 3 4 0.0 0
573 394 3 0 0.0 0
93 647 1 1 0.0 0
262 128 4 1 0.0 0
789 435 2 0 0.0 0
549 304 0 1 0.0 0
975 767 0 0 0.0 0
62 451 1 2 0.0 0
784 551 2 2 0.0 0
327 866 3 1 0.0 0
379 646 4 1 0.0 0
742 567 0 3 0.0 0
534 973 4 0 0.0 0
34
844 362 2 1 0.0 0
687 505 1 0 0.0 0
802 93 1 1 0.0 0
154 381 3 0 0.0 0
887 709 3 2 0.0 0
859 596 4 1 0.0 0
451 870 2 1 0.0 0
614 212 4 1 0.0 0
708 292 1 1 0.0 0
279 54 3 2 0.0 0
230 553 4 1 0.0 0
259 200 1 3 0.0 0
278 224 4 2 0.0 0
157 685 1 1 0.0 0
630 31 4 2 0.0 0
106 260 0 2 0.0 0
694 688 1 1 0.0 0
365 661 2 2 0.0 0
140 242 0 2 0.0 0
972 728 3 3 0.0 0
610 496 0 1 0.0 0
927 180 2 3 0.0 0
716 931 0 4 0.0 0
546 831 0 3 0.0 0
417 660 4 2 0.0 0
936 358 1 0 0.0 0
864 740 2 2 0.0 0
841 903 0 0 0.0 0
829 815 2 4 0.0 0
446 344 4 1 0.0 0
908 507 4 2 0.0 0
693 115 2 4 0.0 0
268 282 2 0 0.0 0
865 123 0 3 0.0 0
25
499 926 4 3 0.0 0
723 137 3 4 0.0 0
468 965 0 3 0.0 0
775 831 2 3 0.0 0
560 39 3 1 0.0 0
491 865 0 0 0.0 0
900 340 0 4 0.0 0
583 256 1 1 0.0 0
911 13 2 4 0.0 0
257 711 1 2 0.0 0
349 87 0 3 0.0 0
412 730 2 3 0.0 0
343 570 0 2 0.0 0
9 857 0 2 0.0 0
798 966 4 1 0.0 0
435 431 0 2 0.0 0
360 946 3 0 0.0 0
284 850 0 2 0.0 0
460 786 2 3 0.0 0
720 349 0 0 0.0 0
750 564 0 3 0.0 0
222 733 4 3 0.0 0
839 27 3 0 0.0 0
525 770 4 4 0.0 0
106 676 0 1 0.0 0
49
365 641 2 3 0.0 0
490 293 0 4 0.0 0
246 804 2 2 0.0 0
316 944 1 0 0.0 0
550 402 3 0 0.0 0
751 301 3 1 0.0 0
853 42 4 2 0.0 0
545 448 1 1 0.0 0
211 253 3 2 0.0 0
366 765 0 2 0.0 0
295 248 2 1 0.0 0
819 553 0 1 0.0 0
589 33 3 3 0.0 0
859 85 4 1 0.0 0
261 71 2 1 0.0 0
429 893 0 0 0.0 0
877 468 2 0 0.0 0
221 446 0 4 0.0 0
969 560 4 3 0.0 0
35 173 0 0 0.0 0
293 377 4 1 0.0 0
695 172 1 4 0.0 0
658 181 0 1 0.0 0
178 303 1 4 0.0 0
161 412 1 2 0.0 0
9 109 0 1 0.0 0
292 114 1 4 0.0 0
914 849 1 0 0.0 0
773 882 2 3 0.0 0
166 381 4 0 0.0 0
296 157 4 1 0.0 0
814 6 0 1 0.0 0
60 316 1 1 0.0 0
569 871 2 2 0.0 0
548 761 3 1 0.0 0
429 243 0 2 0.0 0
796 154 2 3 0.0 0
303 722 4 2 0.0 0
641 817 3 2 0.0 0
138 935 0 2 0.0 0
104 286 0 1 0.0 0
128 69 1 4 0.0 0
661 792 2 1 0.0 0
798 805 4 4 0.0 0
932 950 0 0 0.0 0
97 335 2 3 0.0 0
284 390 0 0 0.0 0
374 607 0 0 0.0 0
86 131 2 2 0.0 0
12
656 742 1 0 0.0 0
885 828 2 2 0.0 0
488 945 2 1 0.0 0
904 978 4 0 0.0 0
454 22 1 0 0.0 0
667 800 1 4 0.0 0
317 58 3 3 0.0 0
523 967 3 2 0.0 0
516 603 0 4 0.0 0
153 734 2 1 0.0 0
361 725 4 3 0.0 0
368 520 4 3 0.0 0
69
69 368 4 4 0.0 0
183 110 4 0 0.0 0
105 768 2 0 0.0 0
313 861 4 2 0.0 0
107 749 3 3 0.0 0
743 364 2 3 0.0 0
141 401 1 2 0.0 0
866 146 1 0 0.0 0
448 315 1 0 0.0 0
364 94 3 2 0.0 0
524 457 2 2 0.0 0
182 129 0 3 0.0 0
814 85 0 1 0.0 0
838 687 4 1 0.0 0
49 844 0 2 0.0 0
107 637 3 3 0.0 0
160 663 2 0 0.0 0
307 624 0 1 0.0 0
128 833 1 1 0.0 0
277 468 4 0 0.0 0
45 740 3 2 0.0 0
748 895 2 3 0.0 0
574 124 0 3 0.0 0
369 398 3 3 0.0 0
999 185 1 2 0.0 0
874 393 0 1 0.0 0
768 618 0 0 0.0 0
59 474 1 4 0.0 0
474 779 4 4 0.0 0
879 223 2 2 0.0 0
327 696 3 2 0.0 0
84 516 3 0 0.0 0
704 986 1 1 0.0 0
122 733 3 3 0.0 0
795 680 0 0 0.0 0
564 484 3 1 0.0 0
65 488 2 2 0.0 0
538 478 4 3 0.0 0
46 105 0 2 0.0 0
279 649 3 3 0.0 0
825 170 4 3 0.0 0
309 444 0 3 0.0 0
968 577 1 3 0.0 0
495 571 3 1 0.0 0
931 601 4 2 0.0 0
662 524 3 2 0.0 0
713 18 3 4 0.0 0
478 718 3 1 0.0 0
938 478 3 3 0.0 0
561 263 2 1 0.0 0
780 70 0 1 0.0 0
286 939 1 0 0.0 0
503 728 3 3 0.0 0
372 811 1 0 0.0 0
927 879 2 2 0.0 0
910 602 1 3 0.0 0
485 506 1 4 0.0 0
331 841 2 0 0.0 0
760 703 4 1 0.0 0
210 570 2 2 0.0 0
337 877 2 2 0.0 0
936 80 1 4 0.0 0
17 601 3 2 0.0 0
912 178 3 1 0.0 0
150 287 3 2 0.0 0
869 503 3 3 0.0 0
869 458 3 3 0.0 0
667 584 1 0 0.0 0
941 142 0 3 0.0 0
59
9 924 0 2 0.0 0
63 233 4 4 0.0 0
751 264 3 2 0.0 0
413 190 1 0 0.0 0
570 364 2 3 0.0 0
644 151 2 2 0.0 0
575 637 4 3 0.0 0
394 757 0 2 0.0 0
415 973 3 0 0.0 0
462 187 1 4 0.0 0
28 760 2 4 0.0 0
929 368 3 4 0.0 0
938 445 3 0 0.0 0
878 322 4 3 0.0 0
313 451 4 2 0.0 0
640 812 0 1 0.0 0
339 477 3 1 0.0 0
162 851 1 1 0.0 0
655 303 1 4 0.0 0
776 900 1 0 0.0 0
778 701 4 3 0.0 0
25 573 1 3 0.0 0
454 659 1 0 0.0 0
933 432 0 1 0.0 0
738 979 0 1 0.0 0
82 594 4 0 0.0 0
261 893 2 0 0.0 0
98 584 1 0 0.0 0
137 991 4 0 0.0 0
74 492 4 4 0.0 0
638 960 0 4 0.0 0
907 387 0 4 0.0 0
746 525 0 4 0.0 0
680 548 0 3 0.0 0
560 938 3 3 0.0 0
311 888 3 1 0.0 0
100 711 1 2 0.0 0
630 706 4 0 0.0 0
608 87 2 3 0.0 0
690 502 0 3 0.0 0
116 375 4 4 0.0 0
798 479 4 4 0.0 0
963 376 1 0 0.0 0
677 151 3 2 0.0 0
958 302 3 0 0.0 0
582 999 3 1 0.0 0
211 794 3 1 0.0 0
274 848 0 2 0.0 0
194 748 3 2 0.0 0
785 154 2 3 0.0 0
170 908 3 4 0.0 0
655 284 1 0 0.0 0
314 700 2 1 0.0 0
412 539 2 4 0.0 0
443 928 1 2 0.0 0
326 112 4 4 0.0 0
640 618 0 0 0.0 0
169 137 1 4 0.0 0
180 916 3 2 0.0 0
15
448 306 1 1 0.0 0
140 119 0 0 0.0 0
97 943 2 0 0.0 0
85 476 1 0 0.0 0
551 812 2 1 0.0 0
178 490 1 0 0.0 0
493 982 0 1 0.0 0
145 318 1 0 0.0 0
573 117 3 0 0.0 0
691 236 4 1 0.0 0
22 473 0 4 0.0 0
960 923 4 2 0.0 0
801 939 3 0 0.0 0
501 12 2 3 0.0 0
822 917 1 1 0.0 0
66
279 67 3 2 0.0 0
582 75 3 0 0.0 0
699 851 3 1 0.0 0
491 677 0 3 0.0 0
550 608 3 2 0.0 0
214 442 4 2 0.0 0
523 125 3 3 0.0 0
4 220 0 4 0.0 0
273 257 2 1 0.0 0
278 731 4 0 0.0 0
838 233 4 4 0.0 0
350 886 1 2 0.0 0
654 209 1 1 0.0 0
249 430 1 0 0.0 0
388 446 1 4 0.0 0
383 131 2 2 0.0 0
949 474 2 4 0.0 0
768 816 0 0 0.0 0
69 427 4 0 0.0 0
525 462 4 1 0.0 0
240 478 4 3 0.0 0
853 450 4 2 0.0 0
902 900 1 0 0.0 0
479 1 4 0 0.0 0
571 49 1 0 0.0 0
279 685 3 1 0.0 0
239 972 1 3 0.0 0
611 878 1 4 0.0 0
169 584 1 0 0.0 0
618 274 0 0 0.0 0
833 446 1 4 0.0 0
884 450 2 2 0.0 0
360 18 3 4 0.0 0
881 431 4 2 0.0 0
669 417 2 4 0.0 0
984 363 0 2 0.0 0
379 610 4 0 0.0 0
899 132 0 3 0.0 0
536 551 4 2 0.0 0
643 337 2 2 0.0 0
830 509 3 4 0.0 0
391 508 0 1 0.0 0
651 650 1 0 0.0 0
604 849 1 0 0.0 0
704 750 1 0 0.0 0
917 295 1 2 0.0 0
592 636 4 0 0.0 0
65 389 2 4 0.0 0
697 475 4 3 0.0 0
594 341 0 0 0.0 0
656 73 1 4 0.0 0
873 664 3 1 0.0 0
332 59 1 1 0.0 0
743 901 2 2 0.0 0
720 779 0 4 0.0 0
94 614 2 4 0.0 0
838 103 4 4 0.0 0
855 21 2 4 0.0 0
306 329 1 0 0.0 0
260 400 2 0 0.0 0
357 834 3 2 0.0 0
643 67 2 2 0.0 0
929 581 3 3 0.0 0
283 718 2 1 0.0 0
220 150 4 3 0.0 0
396 248 3 1 0.0 0
89
872 81 4 3 0.0 0
486 948 1 4 0.0 0
892 180 3 3 0.0 0
46 359 0 1 0.0 0
284 399 0 4 0.0 0
194 561 3 2 0.0 0
110 963 0 1 0.0 0
351 712 4 0 0.0 0
790 710 1 1 0.0 0
927 115 2 4 0.0 0
485 697 1 4 0.0 0
693 617 2 2 0.0 0
773 231 2 2 0.0 0
928 513 2 3 0.0 0
610 741 0 0 0.0 0
624 32 1 0 0.0 0
835 519 3 3 0.0 0
474 880 4 1 0.0 0
107 54 3 2 0.0 0
899 266 0 4 0.0 0
462 669 1 2 0.0 0
585 891 1 3 0.0 0
740 915 2 3 0.0 0
976 706 0 0 0.0 0
307 513 0 3 0.0 0
23 728 3 3 0.0 0
847 183 3 4 0.0 0
787 289 2 2 0.0 0
928 438 2 1 0.0 0
158 145 2 1 0.0 0
985 596 3 1 0.0 0
587 841 2 0 0.0 0
517 257 2 1 0.0 0
628 981 4 2 0.0 0
122 575 3 4 0.0 0
67 816 2 0 0.0 0
974 394 3 0 0.0 0
796 651 2 1 0.0 0
833 682 1 1 0.0 0
976 709 0 2 0.0 0
135 200 1 3 0.0 0
692 810 2 3 0.0 0
57 392 2 2 0.0 0
388 905 1 0 0.0 0
300 498 4 2 0.0 0
617 567 2 3 0.0 0
12 690 3 0 0.0 0
272 85 0 1 0.0 0
580 681 1 2 0.0 0
95 580 1 1 0.0 0
425 999 0 1 0.0 0
198 268 0 2 0.0 0
129 658 3 0 0.0 0
190 225 0 1 0.0 0
237 808 1 1 0.0 0
925 261 4 2 0.0 0
942 855 0 2 0.0 0
407 570 2 2 0.0 0
20 706 2 0 0.0 0
174 39 0 1 0.0 0
173 646 0 1 0.0 0
356 164 3 3 0.0 0
897 29 3 4 0.0 0
348 480 1 3 0.0 0
83 633 0 0 0.0 0
263 292 1 1 0.0 0
561 66 2 4 0.0 0
121 51 1 2 0.0 0
683 965 3 3 0.0 0
961 287 2 2 0.0 0
424 299 1 0 0.0 0
124 998 3 1 0.0 0
683 600 3 4 0.0 0
636 856 0 2 0.0 0
631 939 3 0 0.0 0
552 430 0 0 0.0 0
31 963 2 1 0.0 0
827 200 1 3 0.0 0
131 733 2 3 0.0 0
286 623 1 4 0.0 0
40 981 0 2 0.0 0
237 416 1 1 0.0 0
538 89 4 2 0.0 0
156 779 4 4 0.0 0
208 512 4 0 0.0 0
409 772 3 1 0.0 0
12 553 3 1 0.0 0
909 390 0 0 0.0 0
917 894 1 2 0.0 0
72
148 633 4 0 0.0 0
314 209 2 1 0.0 0
227 260 4 2 0.0 0
284 223 0 2 0.0 0
981 245 2 2 0.0 0
903 243 0 2 0.0 0
902 598 1 3 0.0 0
367 726 1 4 0.0 0
310 418 1 3 0.0 0
217 104 2 0 0.0 0
71 21 1 4 0.0 0
988 924 4 2 0.0 0
497 335 3 3 0.0 0
681 217 2 2 0.0 0
927 895 2 3 0.0 0
842 368 0 4 0.0 0
488 212 2 1 0.0 0
287 416 2 1 0.0 0
938 166 3 4 0.0 0
276 423 4 2 0.0 0
825 871 4 2 0.0 0
43 922 0 4 0.0 0
306 870 1 1 0.0 0
313 894 4 2 0.0 0
696 303 2 4 0.0 0
249 278 1 4 0.0 0
971 460 4 2 0.0 0
557 345 1 0 0.0 0
751 174 3 0 0.0 0
106 414 0 4 0.0 0
24 995 4 2 0.0 0
129 788 3 3 0.0 0
68 381 0 0 0.0 0
830 912 3 3 0.0 0
457 769 2 1 0.0 0
981 333 2 3 0.0 0
351 128 4 1 0.0 0
911 66 2 4 0.0 0
767 416 0 1 0.0 0
382 436 1 4 0.0 0
966 209 1 1 0.0 0
271 80 1 4 0.0 0
629 791 4 1 0.0 0
347 288 0 1 0.0 0
167 328 4 3 0.0 0
578 3 2 0 0.0 0
764 439 3 3 0.0 0
683 567 3 3 0.0 0
640 641 0 3 0.0 0
71 95 1 1 0.0 0
515 209 3 1 0.0 0
905 642 0 3 0.0 0
78 7 4 1 0.0 0
280 280 0 0 0.0 0
921 374 4 0 0.0 0
569 954 2 3 0.0 0
792 581 1 3 0.0 0
578 2 2 4 0.0 0
737 727 0 4 0.0 0
979 499 1 4 0.0 0
415 668 3 0 0.0 0
263 187 1 4 0.0 0
33 268 3 2 0.0 0
692 627 2 2 0.0 0
405 151 1 2 0.0 0
576 240 1 4 0.0 0
590 945 0 1 0.0 0
228 38 1 0 0.0 0
87 354 3 3 0.0 0
183 161 4 1 0.0 0
654 826 1 4 0.0 0
323 337 2 2 0.0 0
96
306 703 1 1 0.0 0
417 513 4 3 0.0 0
808 617 1 2 0.0 0
385 115 0 4 0.0 0
239 925 1 4 0.0 0
725 633 3 0 0.0 0
452 567 2 3 0.0 0
383 828 2 2 0.0 0
837 467 0 1 0.0 0
624 131 1 2 0.0 0
482 4 4 0 0.0 0
58 401 3 2 0.0 0
457 900 2 0 0.0 0
65 300 2 4 0.0 0
792 804 1 2 0.0 0
577 430 3 0 0.0 0
263 624 1 1 0.0 0
873 383 3 2 0.0 0
508 810 1 3 0.0 0
411 526 4 4 0.0 0
929 930 3 2 0.0 0
492 418 4 3 0.0 0
107 411 3 4 0.0 0
397 690 0 0 0.0 0
123 732 3 0 0.0 0
587 15 2 0 0.0 0
503 53 3 3 0.0 0
102 890 2 2 0.0 0
818 226 3 2 0.0 0
764 711 3 2 0.0 0
657 361 3 4 0.0 0
618 205 0 1 0.0 0
571 343 1 0 0.0 0
319 825 0 4 0.0 0
13 538 4 4 0.0 0
953 324 1 2 0.0 0
888 560 1 3 0.0 0
917 554 1 1 0.0 0
292 761 1 1 0.0 0
292 673 1 3 0.0 0
517 778 2 4 0.0 0
870 285 1 4 0.0 0
242 367 2 1 0.0 0
155 38 3 0 0.0 0
786 738 3 0 0.0 0
672 161 4 1 0.0 0
881 525 4 4 0.0 0
237 576 1 1 0.0 0
459 1 2 0 0.0 0
695 66 1 4 0.0 0
5 971 4 4 0.0 0
125 659 3 0 0.0 0
330 698 2 2 0.0 0
957 345 0 0 0.0 0
255 507 0 2 0.0 0
853 344 4 1 0.0 0
852 9 2 0 0.0 0
278 70 4 1 0.0 0
7 969 1 4 0.0 0
497 506 3 4 0.0 0
978 513 0 3 0.0 0
24 45 4 3 0.0 0
193 714 1 4 0.0 0
467 103 1 4 0.0 0
606 618 4 0 0.0 0
581 229 3 2 0.0 0
640 45 0 3 0.0 0
94 618 2 0 0.0 0
150 349 3 0 0.0 0
751 891 3 3 0.0 0
553 913 1 3 0.0 0
521 190 1 0 0.0 0
982 941 1 0 0.0 0
7 526 1 4 0.0 0
71 381 1 0 0.0 0
162 781 1 4 0.0 0
846 396 1 3 0.0 0
825 124 4 3 0.0 0
188 750 3 0 0.0 0
331 103 2 4 0.0 0
971 375 4 4 0.0 0
799 643 0 2 0.0 0
216 480 4 3 0.0 0
805 791 4 1 0.0 0
650 454 0 1 0.0 0
744 243 1 2 0.0 0
931 612 4 0 0.0 0
424 376 1 0 0.0 0
352 347 3 0 0.0 0
149 543 1 2 0.0 0
853 242 4 2 0.0 0
388 198 1 0 0.0 0
598 710 3 1 0.0 0
416 499 1 4 0.0 0
429 291 0 4 0.0 0
455 447 4 0 0.0 0
45
787 4 2 0 0.0 0
511 943 2 0 0.0 0
901 568 2 3 0.0 0
889 363 3 2 0.0 0
937 221 2 0 0.0 0
538 575 4 4 0.0 0
140 22 0 0 0.0 0
494 37 3 1 0.0 0
680 276 0 4 0.0 0
59 384 1 2 0.0 0
929 371 3 2 0.0 0
578 391 2 0 0.0 0
885 274 2 0 0.0 0
810 405 3 1 0.0 0
665 617 1 2 0.0 0
110 285 0 4 0.0 0
501 450 2 2 0.0 0
148 555 4 4 0.0 0
301 262 1 4 0.0 0
134 414 1 4 0.0 0
747 76 2 2 0.0 0
580 235 1 3 0.0 0
785 791 2 1 0.0 0
429 619 0 2 0.0 0
831 941 3 0 0.0 0
781 250 4 0 0.0 0
683 756 3 1 0.0 0
601 864 2 2 0.0 0
13 226 4 2 0.0 0
77 855 0 2 0.0 0
794 850 1 2 0.0 0
250 550 0 3 0.0 0
55 228 3 1 0.0 0
932 392 0 2 0.0 0
871 918 2 2 0.0 0
309 323 0 2 0.0 0
320 70 2 1 0.0 0
258 96 0 4 0.0 0
652 677 1 3 0.0 0
437 127 0 1 0.0 0
166 171 4 2 0.0 0
296 457 4 2 0.0 0
552 482 0 4 0.0 0
401 980 2 4 0.0 0
74 908 4 4 0.0 0
9
378 905 0 0 0.0 0
48 318 4 0 0.0 0
568 213 3 4 0.0 0
269 580 4 1 0.0 0
469 730 4 3 0.0 0
870 141 1 1 0.0 0
89 720 2 0 0.0 0
527 579 1 3 0.0 0
104 706 0 0 0.0 0
77
256 732 1 0 0.0 0
729 400 1 0 0.0 0
781 447 4 0 0.0 0
779 714 4 4 0.0 0
666 756 3 1 0.0 0
505 943 0 0 0.0 0
111 668 3 0 0.0 0
615 600 3 4 0.0 0
879 772 2 1 0.0 0
375 382 4 1 0.0 0
27 601 0 2 0.0 0
338 460 4 2 0.0 0
738 167 0 4 0.0 0
993 30 1 1 0.0 0
63 769 4 1 0.0 0
592 725 4 3 0.0 0
283 882 2 3 0.0 0
501 958 2 3 0.0 0
555 326 4 4 0.0 0
405 134 1 1 0.0 0
587 536 2 4 0.0 0
376 294 0 4 0.0 0
229 988 2 4 0.0 0
460 638 2 0 0.0 0
374 849 0 0 0.0 0
449 694 1 1 0.0 0
491 706 0 0 0.0 0
576 37 1 1 0.0 0
347 797 0 1 0.0 0
214 402 4 0 0.0 0
588 803 4 3 0.0 0
55 240 3 4 0.0 0
554 317 1 3 0.0 0
996 796 2 2 0.0 0
434 308 1 1 0.0 0
174 49 0 0 0.0 0
642 713 3 3 0.0 0
189 805 4 4 0.0 0
464 854 1 4 0.0 0
414 5 4 4 0.0 0
70 148 1 4 0.0 0
291 673 4 3 0.0 0
948 652 4 1 0.0 0
756 563 1 1 0.0 0
532 340 2 4 0.0 0
953 558 1 0 0.0 0
705 224 3 2 0.0 0
455 901 4 2 0.0 0
73 407 4 2 0.0 0
297 72 2 1 0.0 0
68 534 0 4 0.0 0
763 846 4 1 0.0 0
916 952 2 1 0.0 0
426 5 1 4 0.0 0
904 538 4 4 0.0 0
139 272 1 0 0.0 0
773 839 2 3 0.0 0
80 559 4 4 0.0 0
584 806 0 0 0.0 0
236 385 1 0 0.0 0
425 487 0 3 0.0 0
622 795 0 0 0.0 0
264 853 2 4 0.0 0
301 586 1 2 0.0 0
700 170 1 3 0.0 0
904 213 4 4 0.0 0
248 203 1 0 0.0 0
315 299 0 0 0.0 0
508 56 1 3 0.0 0
328 805 3 4 0.0 0
661 598 2 3 0.0 0
610 877 0 2 0.0 0
534 990 4 0 0.0 0
843 282 2 0 0.0 0
406 559 1 4 0.0 0
230 213 4 4 0.0 0
247 993 0 1 0.0 0
58
601 164 2 3 0.0 0
217 775 2 2 0.0 0
721 613 0 0 0.0 0
962 280 4 0 0.0 0
761 813 1 2 0.0 0
754 419 0 3 0.0 0
219 187 2 4 0.0 0
676 579 1 3 0.0 0
703 770 1 4 0.0 0
264 712 2 0 0.0 0
807 325 3 3 0.0 0
169 325 1 3 0.0 0
841 110 0 0 0.0 0
796 19 2 3 0.0 0
826 486 4 1 0.0 0
380 679 3 3 0.0 0
744 585 1 1 0.0 0
602 818 3 3 0.0 0
353 341 1 0 0.0 0
136 154 3 3 0.0 0
671 511 1 2 0.0 0
338 912 4 3 0.0 0
227 247 4 0 0.0 0
502 712 3 0 0.0 0
402 412 0 2 0.0 0
527 111 1 3 0.0 0
444 704 3 1 0.0 0
980 391 4 0 0.0 0
165 371 2 2 0.0 0
52 129 0 3 0.0 0
174 880 0 1 0.0 0
498 730 2 3 0.0 0
562 511 0 2 0.0 0
439 613 3 0 0.0 0
110 817 0 2 0.0 0
359 461 1 2 0.0 0
790 9 1 0 0.0 0
223 451 2 2 0.0 0
111 141 3 1 0.0 0
569 588 2 4 0.0 0
952 313 1 4 0.0 0
136 364 3 3 0.0 0
255 917 0 1 0.0 0
874 713 0 3 0.0 0
599 313 2 4 0.0 0
575 889 4 3 0.0 0
189 181 4 1 0.0 0
126 280 3 0 0.0 0
686 83 4 0 0.0 0
183 942 4 0 0.0 0
731 627 0 2 0.0 0
25 81 1 3 0.0 0
838 683 4 3 0.0 0
818 898 3 3 0.0 0
29 71 4 1 0.0 0
638 737 0 0 0.0 0
865 296 0 4 0.0 0
68 141 0 1 0.0 0
14
157 732 1 0 0.0 0
349 506 0 4 0.0 0
492 418 4 3 0.0 0
583 802 1 1 0.0 0
871 399 2 4 0.0 0
676 223 1 2 0.0 0
668 51 0 2 0.0 0
112 739 4 2 0.0 0
887 632 3 0 0.0 0
750 880 0 1 0.0 0
218 530 1 1 0.0 0
153 432 2 1 0.0 0
992 672 4 4 0.0 0
455 144 4 4 0.0 0
42
356 276 3 4 0.0 0
922 444 4 3 0.0 0
841 771 0 4 0.0 0
460 301 2 1 0.0 0
481 868 0 0 0.0 0
427 923 0 2 0.0 0
218 330 1 2 0.0 0
222 111 4 3 0.0 0
316 994 1 2 0.0 0
835 704 3 1 0.0 0
398 119 3 0 0.0 0
26 549 0 0 0.0 0
819 785 0 2 0.0 0
373 375 4 4 0.0 0
105 73 2 4 0.0 0
968 376 1 0 0.0 0
167 804 4 2 0.0 0
323 459 2 2 0.0 0
678 963 3 1 0.0 0
240 95 4 1 0.0 0
328 674 3 1 0.0 0
348 570 1 2 0.0 0
47 280 3 0 0.0 0
301 479 1 4 0.0 0
151 956 2 3 0.0 0
422 533 0 2 0.0 0
369 163 3 2 0.0 0
489 229 2 2 0.0 0
753 434 2 1 0.0 0
680 755 0 0 0.0 0
467 797 1 1 0.0 0
136 297 3 2 0.0 0
93 244 1 0 0.0 0
567 529 3 4 0.0 0
851 358 1 0 0.0 0
759 383 3 2 0.0 0
58 285 3 4 0.0 0
337 584 2 0 0.0 0
709 909 2 0 0.0 0
795 693 0 2 0.0 0
728 58 3 3 0.0 0
127 811 1 0 0.0 0
93
619 722 2 2 0.0 0
517 950 2 0 0.0 0
769 25 1 1 0.0 0
2 55 4 3 0.0 0
450 387 2 4 0.0 0
861 728 2 3 0.0 0
109 509 1 4 0.0 0
896 856 4 2 0.0 0
51 69 2 4 0.0 0
954 881 3 4 0.0 0
550 140 3 0 0.0 0
101 711 2 2 0.0 0
318 528 0 2 0.0 0
253 627 2 2 0.0 0
367 248 1 1 0.0 0
200 487 3 3 0.0 0
852 10 2 0 0.0 0
553 523 1 3 0.0 0
760 65 4 2 0.0 0
821 865 3 0 0.0 0
838 546 4 0 0.0 0
755 820 0 0 0.0 0
610 691 0 4 0.0 0
895 37 3 1 0.0 0
257 59 1 1 0.0 0
532 10 2 0 0.0 0
90 168 0 1 0.0 0
818 885 3 2 0.0 0
114 289 4 2 0.0 0
813 587 2 2 0.0 0
237 279 1 3 0.0 0
263 269 1 4 0.0 0
828 187 2 4 0.0 0
911 449 2 1 0.0 0
202 105 0 2 0.0 0
372 287 1 2 0.0 0
66 69 4 4 0.0 0
414 772 4 1 0.0 0
94 963 2 1 0.0 0
527 996 1 2 0.0 0
446 208 4 4 0.0 0
753 291 2 4 0.0 0
897 701 3 3 0.0 0
839 246 3 2 0.0 0
24 441 4 4 0.0 0
617 193 2 1 0.0 0
607 613 0 0 0.0 0
303 249 4 1 0.0 0
963 146 1 0 0.0 0
859 700 4 1 0.0 0
9 224 0 2 0.0 0
399 544 4 2 0.0 0
826 152 4 3 0.0 0
899 177 0 3 0.0 0
867 191 3 4 0.0 0
361 53 4 3 0.0 0
896 498 4 2 0.0 0
895 852 3 2 0.0 0
631 89 3 2 0.0 0
997 481 3 0 0.0 0
342 203 3 0 0.0 0
396 101 3 2 0.0 0
775 130 2 3 0.0 0
217 738 2 0 0.0 0
566 180 1 3 0.0 0
641 45 3 3 0.0 0
672 776 4 1 0.0 0
872 891 4 3 0.0 0
501 608 2 2 0.0 0
70 559 1 4 0.0 0
690 974 0 3 0.0 0
325 869 3 3 0.0 0
767 669 0 2 0.0 0
1000 82 0 4 0.0 0
622 31 0 2 0.0 0
116 364 4 3 0.0 0
138 148 0 4 0.0 0
764 723 3 3 0.0 0
7 655 1 1 0.0 0
285 166 4 4 0.0 0
789 741 2 0 0.0 0
942 208 0 4 0.0 0
298 745 4 3 0.0 0
590 965 0 3 0.0 0
715 545 2 1 0.0 0
700 319 1 0 0.0 0
872 497 4 3 0.0 0
612 468 0 0 0.0 0
192 565 2 2 0.0 0
139 726 1 4 0.0 0
56 373 3 4 0.0 0
325 439 3 3 0.0 0
972 376 3 0 0.0 0
37
285 786 4 3 0.0 0
301 911 1 2 0.0 0
307 588 0 4 0.0 0
433 519 3 3 0.0 0
206 341 3 0 0.0 0
947 623 1 4 0.0 0
533 817 2 2 0.0 0
448 88 1 0 0.0 0
717 536 0 4 0.0 0
384 184 2 3 0.0 0
976 366 0 0 0.0 0
295 947 2 1 0.0 0
516 117 0 0 0.0 0
781 594 4 0 0.0 0
590 193 0 1 0.0 0
212 126 1 3 0.0 0
965 701 3 3 0.0 0
675 56 1 3 0.0 0
369 837 3 0 0.0 0
878 925 4 4 0.0 0
275 570 2 2 0.0 0
231 288 2 1 0.0 0
626 116 3 4 0.0 0
745 142 3 3 0.0 0
83 874 0 0 0.0 0
405 140 1 0 0.0 0
607 649 0 3 0.0 0
575 40 4 0 0.0 0
780 16 0 4 0.0 0
639 174 4 0 0.0 0
938 657 3 3 0.0 0
109 140 1 0 0.0 0
519 448 3 1 0.0 0
682 441 1 4 0.0 0
333 933 3 0 0.0 0
879 518 2 3 0.0 0
216 983 4 1 0.0 0
13
435 612 0 0 0.0 0
862 340 3 4 0.0 0
917 368 1 4 0.0 0
269 532 4 2 0.0 0
295 921 2 4 0.0 0
205 825 1 4 0.0 0
295 222 2 4 0.0 0
631 637 3 3 0.0 0
184 949 3 2 0.0 0
774 413 1 1 0.0 0
697 882 4 3 0.0 0
349 1 0 0 0.0 0
241 862 2 3 0.0 0
89
46 753 0 2 0.0 0
682 530 1 1 0.0 0
963 864 1 2 0.0 0
897 990 3 0 0.0 0
774 622 1 0 0.0 0
790 959 1 4 0.0 0
600 983 4 1 0.0 0
771 172 4 4 0.0 0
334 419 2 3 0.0 0
818 421 3 4 0.0 0
489 28 2 2 0.0 0
182 101 0 2 0.0 0
799 595 0 3 0.0 0
982 900 1 0 0.0 0
121 582 1 3 0.0 0
818 81 3 3 0.0 0
321 665 4 1 0.0 0
307 549 0 0 0.0 0
73 569 4 2 0.0 0
721 469 0 4 0.0 0
576 558 1 0 0.0 0
412 944 2 0 0.0 0
352 165 3 2 0.0 0
487 411 3 4 0.0 0
904 212 4 1 0.0 0
150 50 3 1 0.0 0
215 631 3 3 0.0 0
836 336 2 0 0.0 0
858 98 3 1 0.0 0
181 691 1 4 0.0 0
593 847 1 3 0.0 0
15 209 0 1 0.0 0
584 268 0 2 0.0 0
412 652 2 1 0.0 0
360 86 3 2 0.0 0
665 880 1 1 0.0 0
619 973 2 0 0.0 0
553 175 1 1 0.0 0
715 740 2 2 0.0 0
818 563 3 1 0.0 0
644 995 2 2 0.0 0
595 671 3 1 0.0 0
156 803 4 3 0.0 0
411 157 4 1 0.0 0
312 880 3 1 0.0 0
640 895 0 3 0.0 0
775 923 2 2 0.0 0
185 748 2 2 0.0 0
389 992 4 4 0.0 0
87 206 3 3 0.0 0
286 675 1 1 0.0 0
411 938 4 3 0.0 0
490 860 0 1 0.0 0
454 689 1 3 0.0 0
607 544 0 2 0.0 0
272 688 0 1 0.0 0
188 82 3 4 0.0 0
569 218 2 1 0.0 0
248 910 1 1 0.0 0
480 541 3 0 0.0 0
571 21 1 4 0.0 0
312 53 3 3 0.0 0
698 888 2 1 0.0 0
381 134 0 1 0.0 0
883 800 0 4 0.0 0
51 530 2 1 0.0 0
193 717 1 0 0.0 0
126 518 3 3 0.0 0
232 315 4 0 0.0 0
501 500 2 1 0.0 0
420 256 1 1 0.0 0
903 44 0 0 0.0 0
650 999 0 1 0.0 0
825 425 4 0 0.0 0
8 763 0 4 0.0 0
296 445 4 0 0.0 0
286 396 1 3 0.0 0
181 252 1 4 0.0 0
824 377 0 1 0.0 0
120 575 1 4 0.0 0
13 180 4 3 0.0 0
658 101 0 2 0.0 0
584 535 0 2 0.0 0
629 309 4 0 0.0 0
455 978 4 0 0.0 0
92 249 4 1 0.0 0
208 678 4 3 0.0 0
155 538 3 4 0.0 0
888 317 1 3 0.0 0
28
956 102 3 2 0.0 0
783 540 1 4 0.0 0
757 769 2 1 0.0 0
115 444 4 3 0.0 0
803 736 3 1 0.0 0
219 306 2 1 0.0 0
572 835 3 3 0.0 0
67 826 2 4 0.0 0
927 828 2 2 0.0 0
166 198 4 0 0.0 0
803 473 3 4 0.0 0
507 302 2 0 0.0 0
12 867 3 3 0.0 0
904 953 4 1 0.0 0
524 71 2 1 0.0 0
274 760 0 4 0.0 0
649 162 3 1 0.0 0
551 428 2 3 0.0 0
881 79 4 0 0.0 0
915 750 3 0 0.0 0
168 811 1 0 0.0 0
276 623 4 4 0.0 0
926 331 3 2 0.0 0
799 882 0 3 0.0 0
982 500 1 1 0.0 0
440 790 0 1 0.0 0
258 869 0 3 0.0 0
757 157 2 1 0.0 0
5
1 155 0 3 0.0 0
77 324 0 2 0.0 0
612 72 0 1 0.0 0
34 70 2 1 0.0 0
672 609 4 4 0.0 0
63
487 302 3 0 0.0 0
515 389 3 4 0.0 0
933 691 0 4 0.0 0
82 703 4 1 0.0 0
880 346 1 1 0.0 0
982 518 1 3 0.0 0
695 390 1 0 0.0 0
755 422 0 0 0.0 0
119 448 0 1 0.0 0
322 886 3 2 0.0 0
812 329 1 0 0.0 0
521 978 1 0 0.0 0
214 167 4 4 0.0 0
502 801 3 3 0.0 0
110 931 0 4 0.0 0
838 200 4 3 0.0 0
290 150 1 3 0.0 0
861 52 2 0 0.0 0
314 51 2 2 0.0 0
216 500 4 1 0.0 0
848 462 2 1 0.0 0
242 923 2 2 0.0 0
406 407 1 2 0.0 0
281 852 0 2 0.0 0
113 856 4 2 0.0 0
288 487 1 3 0.0 0
231 726 2 4 0.0 0
577 58 3 3 0.0 0
675 342 1 3 0.0 0
71 777 1 2 0.0 0
277 200 4 3 0.0 0
601 371 2 2 0.0 0
645 526 1 4 0.0 0
586 839 2 3 0.0 0
485 825 1 4 0.0 0
26 928 0 2 0.0 0
95 169 1 1 0.0 0
884 873 2 3 0.0 0
834 582 2 3 0.0 0
835 176 3 2 0.0 0
403 323 2 2 0.0 0
273 208 2 4 0.0 0
593 999 1 1 0.0 0
992 583 4 1 0.0 0
3 380 0 3 0.0 0
834 428 2 3 0.0 0
200 340 3 4 0.0 0
638 320 0 2 0.0 0
216 548 4 3 0.0 0
689 424 3 1 0.0 0
683 746 3 0 0.0 0
364 34 3 2 0.0 0
972 972 3 3 0.0 0
19 676 3 1 0.0 0
538 85 4 1 0.0 0
740 890 2 2 0.0 0
717 599 0 2 0.0 0
412 686 2 4 0.0 0
297 728 2 3 0.0 0
479 708 4 1 0.0 0
703 216 1 4 0.0 0
973 526 0 4 0.0 0
61 816 3 0 0.0 0
95
798 618 4 0 0.0 0
686 683 4 3 0.0 0
508 744 1 1 0.0 0
495 678 3 3 0.0 0
380 765 3 2 0.0 0
899 78 0 4 0.0 0
664 509 1 4 0.0 0
749 829 3 2 0.0 0
233 301 4 1 0.0 0
291 958 4 3 0.0 0
798 495 4 3 0.0 0
26 351 0 4 0.0 0
656 476 1 0 0.0 0
432 493 1 0 0.0 0
643 139 2 1 0.0 0
919 765 2 2 0.0 0
976 275 0 2 0.0 0
155 750 3 0 0.0 0
785 92 2 4 0.0 0
156 757 4 2 0.0 0
837 801 0 3 0.0 0
549 45 0 3 0.0 0
354 540 3 4 0.0 0
602 423 3 2 0.0 0
888 910 1 1 0.0 0
189 547 4 1 0.0 0
420 496 1 1 0.0 0
185 995 2 2 0.0 0
181 918 1 2 0.0 0
995 104 2 0 0.0 0
769 289 1 2 0.0 0
348 261 1 2 0.0 0
596 91 1 3 0.0 0
241 716 2 0 0.0 0
17 630 3 4 0.0 0
177 302 3 0 0.0 0
30 634 1 0 0.0 0
506 363 4 2 0.0 0
183 501 4 2 0.0 0
862 472 3 4 0.0 0
694 478 1 3 0.0 0
907 701 0 3 0.0 0
132 169 3 1 0.0 0
446 773 4 2 0.0 0
481 114 0 4 0.0 0
351 831 4 3 0.0 0
628 382 4 1 0.0 0
434 764 1 3 0.0 0
531 712 3 0 0.0 0
911 417 2 4 0.0 0
539 921 4 4 0.0 0
139 609 1 4 0.0 0
48 728 4 3 0.0 0
479 149 4 1 0.0 0
971 531 4 3 0.0 0
644 47 2 3 0.0 0
908 379 4 4 0.0 0
309 520 0 3 0.0 0
540 404 4 1 0.0 0
420 877 1 2 0.0 0
615 998 3 1 0.0 0
43 600 0 4 0.0 0
152 717 3 0 0.0 0
858 90 3 0 0.0 0
831 242 3 2 0.0 0
164 114 3 4 0.0 0
554 879 1 2 0.0 0
707 14 2 3 0.0 0
395 344 4 1 0.0 0
428 662 3 3 0.0 0
754 760 0 4 0.0 0
325 830 3 3 0.0 0
530 123 1 3 0.0 0
200 65 3 2 0.0 0
439 196 3 1 0.0 0
6 19 1 3 0.0 0
358 703 0 1 0.0 0
565 87 2 3 0.0 0
713 81 3 3 0.0 0
528 80 2 4 0.0 0
712 46 0 0 0.0 0
238 595 4 3 0.0 0
266 850 4 2 0.0 0
315 910 0 1 0.0 0
472 146 4 0 0.0 0
29 868 4 0 0.0 0
905 950 0 0 0.0 0
62 30 1 1 0.0 0
520 197 3 4 0.0 0
707 253 2 2 0.0 0
386 123 1 3 0.0 0
775 777 2 2 0.0 0
654 597 1 1 0.0 0
276 177 4 3 0.0 0
221 834 0 2 0.0 0
49
999 319 1 0 0.0 0
588 106 4 0 0.0 0
865 855 0 2 0.0 0
119 181 0 1 0.0 0
154 962 3 4 0.0 0
148 631 4 3 0.0 0
419 916 3 2 0.0 0
488 853 2 4 0.0 0
758 708 1 1 0.0 0
608 423 2 2 0.0 0
416 625 1 3 0.0 0
371 749 2 3 0.0 0
47 141 3 1 0.0 0
590 978 0 0 0.0 0
433 662 3 3 0.0 0
893 866 0 1 0.0 0
15 602 0 3 0.0 0
570 556 2 0 0.0 0
200 467 3 1 0.0 0
518 662 3 3 0.0 0
250 238 0 4 0.0 0
852 635 2 3 0.0 0
15 624 0 1 0.0 0
657 454 3 1 0.0 0
167 936 4 1 0.0 0
954 278 3 4 0.0 0
278 22 4 0 0.0 0
95 386 1 1 0.0 0
981 163 2 2 0.0 0
273 19 2 3 0.0 0
766 528 3 2 0.0 0
876 441 0 4 0.0 0
416 939 1 0 0.0 0
925 788 4 3 0.0 0
212 330 1 2 0.0 0
394 102 0 2 0.0 0
126 604 3 1 0.0 0
905 903 0 0 0.0 0
764 227 3 4 0.0 0
226 435 2 0 0.0 0
98 517 1 2 0.0 0
569 345 2 0 0.0 0
693 549 2 0 0.0 0
2 80 4 4 0.0 0
332 555 1 4 0.0 0
284 454 0 1 0.0 0
666 449 3 1 0.0 0
745 919 3 2 0.0 0
875 609 4 4 0.0 0
74
239 560 1 3 0.0 0
745 513 3 3 0.0 0
871 846 2 1 0.0 0
155 111 3 3 0.0 0
104 753 0 2 0.0 0
93 521 1 1 0.0 0
515 774 3 1 0.0 0
283 822 2 1 0.0 0
733 40 3 0 0.0 0
80 507 4 2 0.0 0
886 513 2 3 0.0 0
531 36 3 1 0.0 0
800 513 4 3 0.0 0
428 20 3 2 0.0 0
349 65 0 2 0.0 0
210 102 2 2 0.0 0
17 161 3 1 0.0 0
792 537 1 4 0.0 0
961 881 2 4 0.0 0
226 354 2 3 0.0 0
266 970 4 4 0.0 0
363 947 2 1 0.0 0
415 531 3 3 0.0 0
775 733 2 3 0.0 0
526 652 4 1 0.0 0
825 985 4 3 0.0 0
21 377 4 1 0.0 0
923 984 2 0 0.0 0
749 367 3 1 0.0 0
811 192 0 2 0.0 0
307 500 0 1 0.0 0
52 718 0 1 0.0 0
598 942 3 0 0.0 0
316 904 1 4 0.0 0
908 938 4 3 0.0 0
56 204 3 3 0.0 0
474 438 4 1 0.0 0
230 70 4 1 0.0 0
823 371 2 2 0.0 0
591 901 2 2 0.0 0
489 589 2 3 0.0 0
851 881 1 4 0.0 0
974 114 3 4 0.0 0
288 456 1 3 0.0 0
746 142 0 3 0.0 0
464 819 1 0 0.0 0
666 634 3 0 0.0 0
463 232 4 4 0.0 0
20 290 2 1 0.0 0
573 759 3 3 0.0 0
649 279 3 3 0.0 0
650 47 0 3 0.0 0
764 529 3 4 0.0 0
129 129 3 3 0.0 0
389 252 4 4 0.0 0
388 81 1 3 0.0 0
74 118 4 2 0.0 0
49 685 0 1 0.0 0
865 756 0 1 0.0 0
384 305 2 0 0.0 0
540 554 4 1 0.0 0
575 384 4 2 0.0 0
651 712 1 0 0.0 0
464 521 1 1 0.0 0
102 919 2 2 0.0 0
688 485 1 1 0.0 0
832 151 0 2 0.0 0
351 682 4 1 0.0 0
188 565 3 2 0.0 0
278 213 4 4 0.0 0
616 117 2 0 0.0 0
986 302 1 0 0.0 0
998 394 1 0 0.0 0
725 6 3 1 0.0 0
99
627 882 2 3 0.0 0
207 969 3 4 0.0 0
740 557 2 1 0.0 0
549 325 0 3 0.0 0
949 227 2 4 0.0 0
254 737 0 0 0.0 0
161 567 1 3 0.0 0
563 56 1 3 0.0 0
729 771 1 4 0.0 0
633 814 0 0 0.0 0
381 906 0 0 0.0 0
290 562 1 0 0.0 0
748 741 2 0 0.0 0
393 12 1 3 0.0 0
724 96 3 4 0.0 0
194 285 3 4 0.0 0
87 708 3 1 0.0 0
247 785 0 2 0.0 0
862 186 3 4 0.0 0
108 194 1 3 0.0 0
200 977 3 2 0.0 0
490 290 0 1 0.0 0
449 721 1 0 0.0 0
522 571 3 1 0.0 0
708 812 1 1 0.0 0
592 236 4 1 0.0 0
644 640 2 0 0.0 0
881 759 4 3 0.0 0
968 490 1 0 0.0 0
38 460 0 2 0.0 0
213 589 4 3 0.0 0
588 247 4 0 0.0 0
583 636 1 0 0.0 0
797 153 1 2 0.0 0
213 162 4 1 0.0 0
438 86 1 2 0.0 0
654 511 1 2 0.0 0
307 590 0 0 0.0 0
330 292 2 1 0.0 0
883 335 0 3 0.0 0
341 245 0 2 0.0 0
251 612 4 0 0.0 0
283 382 2 1 0.0 0
131 151 2 2 0.0 0
447 62 0 1 0.0 0
586 45 2 3 0.0 0
209 811 1 0 0.0 0
395 210 4 2 0.0 0
497 332 3 1 0.0 0
775 924 2 2 0.0 0
633 326 0 4 0.0 0
762 121 3 1 0.0 0
855 458 2 3 0.0 0
21 896 4 4 0.0 0
815 575 4 4 0.0 0
717 658 0 0 0.0 0
915 872 3 4 0.0 0
223 904 2 4 0.0 0
989 261 1 2 0.0 0
543 833 2 1 0.0 0
448 886 1 2 0.0 0
985 329 3 0 0.0 0
122 962 3 4 0.0 0
409 890 3 2 0.0 0
771 666 4 3 0.0 0
183 340 4 4 0.0 0
181 103 1 4 0.0 0
713 545 3 1 0.0 0
169 799 1 0 0.0 0
172 251 4 4 0.0 0
794 757 1 2 0.0 0
81 730 3 3 0.0 0
148 716 4 0 0.0 0
353 195 1 2 0.0 0
468 908 0 4 0.0 0
815 570 4 2 0.0 0
817 574 2 0 0.0 0
304 412 1 2 0.0 0
737 563 0 1 0.0 0
860 176 1 2 0.0 0
12 218 3 1 0.0 0
908 780 4 0 0.0 0
637 621 3 0 0.0 0
644 325 2 3 0.0 0
147 619 3 2 0.0 0
486 522 1 3 0.0 0
997 532 3 2 0.0 0
953 486 1 1 0.0 0
384 780 2 0 0.0 0
382 847 1 3 0.0 0
420 997 1 3 0.0 0
963 275 1 2 0.0 0
321 50 4 1 0.0 0
427 399 0 4 0.0 0
603 399 4 4 0.0 0
239 112 1 4 0.0 0
826 665 4 1 0.0 0
545 350 1 1 0.0 0
90 608 0 2 0.0 0
31
954 804 3 2 0.0 0
225 927 1 2 0.0 0
319 713 0 3 0.0 0
414 858 4 3 0.0 0
989 903 1 0 0.0 0
565 350 2 1 0.0 0
142 915 3 3 0.0 0
207 920 3 4 0.0 0
145 29 1 4 0.0 0
183 578 4 2 0.0 0
966 665 1 1 0.0 0
294 746 4 0 0.0 0
499 580 4 1 0.0 0
804 911 2 2 0.0 0
502 860 3 1 0.0 0
618 227 0 4 0.0 0
72 197 1 4 0.0 0
607 782 0 2 0.0 0
884 758 2 1 0.0 0
91 237 3 1 0.0 0
468 913 0 3 0.0 0
532 794 2 1 0.0 0
436 959 4 4 0.0 0
476 838 0 4 0.0 0
250 880 0 1 0.0 0
43 832 0 0 0.0 0
459 192 2 2 0.0 0
560 339 3 3 0.0 0
334 741 2 0 0.0 0
37 590 1 0 0.0 0
876 535 0 2 0.0 0
14
218 53 1 3 0.0 0
9 110 0 0 0.0 0
509 594 4 0 0.0 0
880 299 1 0 0.0 0
12 151 3 2 0.0 0
50 853 1 4 0.0 0
826 417 4 4 0.0 0
564 842 3 0 0.0 0
848 456 2 3 0.0 0
711 179 2 0 0.0 0
598 714 3 4 0.0 0
641 147 3 3 0.0 0
251 506 4 4 0.0 0
643 309 2 0 0.0 0
46
880 741 1 0 0.0 0
956 915 3 3 0.0 0
283 186 2 4 0.0 0
257 507 1 2 0.0 0
941 951 0 1 0.0 0
265 279 4 3 0.0 0
590 658 0 0 0.0 0
805 334 4 2 0.0 0
830 855 3 2 0.0 0
100 356 1 3 0.0 0
390 710 0 1 0.0 0
775 646 2 1 0.0 0
673 803 3 3 0.0 0
321 266 4 4 0.0 0
27 573 0 3 0.0 0
790 378 1 0 0.0 0
551 527 2 1 0.0 0
893 511 0 2 0.0 0
909 761 0 1 0.0 0
375 746 4 0 0.0 0
456 79 3 0 0.0 0
893 925 0 4 0.0 0
690 441 0 4 0.0 0
826 297 4 2 0.0 0
191 85 4 1 0.0 0
851 400 1 0 0.0 0
309 266 0 4 0.0 0
347 855 0 2 0.0 0
299 395 0 4 0.0 0
484 431 1 2 0.0 0
805 167 4 4 0.0 0
726 839 4 3 0.0 0
454 379 1 4 0.0 0
686 181 4 1 0.0 0
623 48 4 4 0.0 0
555 977 4 2 0.0 0
22 707 0 2 0.0 0
126 989 3 1 0.0 0
641 47 3 3 0.0 0
784 580 2 1 0.0 0
541 636 0 0 0.0 0
158 568 2 3 0.0 0
931 790 4 1 0.0 0
515 476 3 0 0.0 0
47 338 3 4 0.0 0
699 484 3 1 0.0 0
48
445 832 0 0 0.0 0
523 765 3 2 0.0 0
967 897 2 3 0.0 0
875 694 4 1 0.0 0
184 808 3 1 0.0 0
151 971 2 4 0.0 0
513 905 3 0 0.0 0
69 247 4 0 0.0 0
54 316 2 1 0.0 0
233 48 4 4 0.0 0
908 119 4 0 0.0 0
690 348 0 1 0.0 0
564 469 3 4 0.0 0
373 654 4 1 0.0 0
1000 281 0 0 0.0 0
695 780 1 0 0.0 0
753 755 2 0 0.0 0
537 543 4 2 0.0 0
395 702 4 2 0.0 0
220 751 4 3 0.0 0
572 290 3 1 0.0 0
150 610 3 0 0.0 0
794 660 1 2 0.0 0
328 985 3 3 0.0 0
112 636 4 0 0.0 0
166 919 4 2 0.0 0
529 430 4 0 0.0 0
353 87 1 3 0.0 0
488 786 2 3 0.0 0
74 166 4 4 0.0 0
787 400 2 0 0.0 0
660 662 2 3 0.0 0
142 968 3 1 0.0 0
201 898 3 3 0.0 0
572 216 3 4 0.0 0
389 562 4 0 0.0 0
838 580 4 1 0.0 0
430 12 0 3 0.0 0
723 298 3 4 0.0 0
683 770 3 4 0.0 0
641 466 3 4 0.0 0
742 394 0 0 0.0 0
372 135 1 1 0.0 0
283 561 2 2 0.0 0
228 408 1 0 0.0 0
916 784 2 2 0.0 0
922 771 4 4 0.0 0
839 632 3 0 0.0 0
31
401 986 2 1 0.0 0
133 950 2 0 0.0 0
666 736 3 1 0.0 0
640 507 0 2 0.0 0
335 991 3 0 0.0 0
142 169 3 1 0.0 0
206 858 3 3 0.0 0
5 524 4 2 0.0 0
177 339 3 3 0.0 0
689 937 3 2 0.0 0
864 382 2 1 0.0 0
445 895 0 3 0.0 0
94 523 2 3 0.0 0
112 9 4 0 0.0 0
528 823 2 2 0.0 0
934 215 2 3 0.0 0
717 200 0 3 0.0 0
23 919 3 2 0.0 0
818 331 3 2 0.0 0
837 393 0 1 0.0 0
779 868 4 0 0.0 0
280 924 0 2 0.0 0
839 620 3 3 0.0 0
732 716 0 0 0.0 0
448 752 1 3 0.0 0
769 875 1 4 0.0 0
556 187 0 4 0.0 0
364 263 3 1 0.0 0
590 361 0 4 0.0 0
280 521 0 1 0.0 0
843 775 2 2 0.0 0
60
350 663 1 0 0.0 0
178 233 1 4 0.0 0
553 436 1 4 0.0 0
300 567 4 3 0.0 0
274 80 0 4 0.0 0
379 42 4 2 0.0 0
443 901 1 2 0.0 0
919 999 2 1 0.0 0
156 364 4 3 0.0 0
727 292 4 1 0.0 0
392 421 2 4 0.0 0
87 178 3 1 0.0 0
718 589 1 3 0.0 0
428 608 3 2 0.0 0
420 349 1 0 0.0 0
598 44 3 0 0.0 0
702 687 2 1 0.0 0
653 242 0 2 0.0 0
432 475 1 3 0.0 0
397 545 0 1 0.0 0
327 596 3 1 0.0 0
130 219 3 2 0.0 0
266 971 4 4 0.0 0
94 519 2 3 0.0 0
461 266 2 4 0.0 0
175 780 1 0 0.0 0
372 784 1 2 0.0 0
228 529 1 4 0.0 0
645 765 1 2 0.0 0
443 467 1 1 0.0 0
334 112 2 4 0.0 0
14 37 3 1 0.0 0
894 87 2 3 0.0 0
295 805 2 4 0.0 0
248 924 1 2 0.0 0
657 627 3 2 0.0 0
216 468 4 0 0.0 0
871 888 2 1 0.0 0
687 541 1 0 0.0 0
436 137 4 4 0.0 0
368 108 4 1 0.0 0
822 732 1 0 0.0 0
459 18 2 4 0.0 0
149 487 1 3 0.0 0
940 416 1 1 0.0 0
234 741 2 0 0.0 0
579 303 3 4 0.0 0
922 812 4 1 0.0 0
568 918 3 2 0.0 0
680 791 0 1 0.0 0
726 809 4 4 0.0 0
371 268 2 2 0.0 0
630 223 4 2 0.0 0
233 493 4 0 0.0 0
838 388 4 1 0.0 0
898 999 3 1 0.0 0
475 958 3 3 0.0 0
818 904 3 4 0.0 0
675 238 1 4 0.0 0
349 974 0 3 0.0 0
28
101 836 2 2 0.0 0
737 636 0 0 0.0 0
397 916 0 2 0.0 0
428 92 3 4 0.0 0
744 573 1 3 0.0 0
930 622 2 0 0.0 0
316 171 1 2 0.0 0
222 503 4 3 0.0 0
676 535 1 2 0.0 0
567 110 3 0 0.0 0
244 877 0 2 0.0 0
464 432 1 1 0.0 0
961 315 2 0 0.0 0
692 88 2 0 0.0 0
878 989 4 1 0.0 0
837 392 0 2 0.0 0
178 337 1 2 0.0 0
747 264 2 2 0.0 0
621 905 0 0 0.0 0
555 25 4 1 0.0 0
598 623 3 4 0.0 0
29 763 4 4 0.0 0
729 780 1 0 0.0 0
688 286 1 1 0.0 0
976 67 0 2 0.0 0
178 963 1 1 0.0 0
495 736 3 1 0.0 0
309 618 0 0 0.0 0
13
987 537 4 4 0.0 0
152 356 3 3 0.0 0
236 197 1 4 0.0 0
741 213 0 4 0.0 0
557 185 1 2 0.0 0
11 887 1 3 0.0 0
13 665 4 1 0.0 0
505 95 0 1 0.0 0
352 53 3 3 0.0 0
893 163 0 2 0.0 0
860 590 1 0 0.0 0
868 291 0 4 0.0 0
262 594 4 0 0.0 0
44
1 862 0 3 0.0 0
408 523 0 3 0.0 0
955 510 4 4 0.0 0
114 203 4 0 0.0 0
676 147 1 3 0.0 0
327 417 3 4 0.0 0
5 847 4 3 0.0 0
659 823 0 2 0.0 0
621 283 0 2 0.0 0
802 47 1 3 0.0 0
941 202 0 0 0.0 0
157 537 1 4 0.0 0
887 469 3 4 0.0 0
116 462 4 1 0.0 0
756 849 1 0 0.0 0
128 898 1 3 0.0 0
284 74 0 4 0.0 0
176 377 2 1 0.0 0
854 216 4 4 0.0 0
314 342 2 3 0.0 0
490 34 0 2 0.0 0
366 324 0 2 0.0 0
908 70 4 1 0.0 0
855 540 2 4 0.0 0
102 894 2 2 0.0 0
384 537 2 4 0.0 0
815 345 4 0 0.0 0
442 233 2 4 0.0 0
754 725 0 3 0.0 0
823 448 2 1 0.0 0
965 177 3 3 0.0 0
880 743 1 2 0.0 0
5 950 4 0 0.0 0
847 523 3 3 0.0 0
60 356 1 3 0.0 0
892 607 3 0 0.0 0
256 637 1 3 0.0 0
994 907 2 0 0.0 0
15 615 0 3 0.0 0
830 872 3 4 0.0 0
312 610 3 0 0.0 0
104 218 0 1 0.0 0
577 396 3 3 0.0 0
421 617 4 2 0.0 0