29
576 726 2 2
839 535 3 0
211 37 3 3
108 878 0 1
513 460 1 1
778 279 4 4
993 832 3 3
226 950 1 3
212 2 1 0
552 579 3 3
789 863 0 0
599 637 0 4
924 229 3 3
212 997 1 4
209 504 0 0
884 73 3 2
611 363 0 3
267 617 1 2
757 626 2 3
2 486 0 2
97 219 1 3
636 46 1 4
581 245 3 3
93 317 3 1
967 576 1 2
632 365 1 3
565 452 4 0
467 134 4 1
61 382 1 2
17
320 102 0 0
941 324 3 0
229 490 3 0
587 700 1 2
836 312 2 4
991 57 4 3
320 258 0 0
359 217 0 3
503 160 2 2
770 102 4 0
502 926 0 2
155 703 1 0
914 249 1 2
890 529 1 0
321 778 4 4
61 242 1 0
719 740 4 1
18
698 660 2 2
40 130 2 1
303 3 1 0
570 343 0 4
987 118 0 4
335 506 0 3
348 781 4 3
262 596 2 3
352 557 1 4
96 504 3 0
314 477 1 3
405 798 0 3
165 43 2 4
444 111 0 0
44 125 1 3
775 882 1 4
708 524 2 0
377 205 1 4
23
763 853 1 3
184 710 2 4
653 148 3 4
27 114 3 1
532 282 4 2
975 727 4 3
862 294 1 3
322 381 1 3
346 860 0 1
644 996 4 0
705 449 0 0
727 387 3 0
263 323 3 2
219 125 3 3
928 826 2 0
239 729 0 3
807 654 2 1
700 301 2 3
322 678 1 1
771 231 4 1
641 578 1 2
159 407 4 4
678 446 1 1
13
227 998 1 0
20 432 2 0
768 837 0 3
13 793 0 0
875 544 1 3
419 363 0 3
346 940 0 3
150 220 3 3
785 420 2 2
241 368 3 2
388 439 2 4
40 512 2 1
862 592 1 0
5
47 332 3 1
839 740 3 1
541 273 4 3
605 48 4 1
965 775 4 1
12
139 993 0 3
159 253 4 2
669 581 1 3
341 20 4 2
570 497 0 0
75 693 2 0
754 408 3 2
984 290 0 1
767 133 3 2
388 148 2 4
554 261 4 0
91 494 2 3
24
143 731 3 4
354 507 3 4
584 844 0 3
515 967 3 1
708 252 2 2
697 995 1 1
503 171 2 3
107 921 3 2
649 466 2 0
239 725 0 0
127 691 0 0
749 566 3 4
742 428 3 1
450 883 2 3
275 166 0 4
464 935 2 2
38 413 0 3
362 42 1 1
421 987 3 0
68 574 2 3
629 541 4 4
185 291 1 2
171 193 3 2
879 543 0 1
12
570 462 0 0
86 898 4 3
59 494 2 3
905 600 0 3
948 13 4 0
78 334 2 2
259 567 3 2
188 478 3 2
378 816 0 0
457 408 2 2
32 445 2 1
155 920 1 0
13
321 983 4 2
29 66 3 4
787 889 3 4
682 41 2 0
732 360 2 3
374 250 2 1
191 965 1 4
150 782 3 2
146 728 0 0
18 501 0 3
704 207 2 3
572 806 3 1
824 485 3 3
22
727 129 3 4
898 929 3 3
350 884 1 3
868 883 1 3
330 803 1 3
986 644 3 4
425 16 1 1
937 796 0 0
566 630 4 3
469 388 3 2
246 972 2 1
733 346 2 0
616 368 4 2
28 723 1 3
471 144 2 1
248 55 3 0
253 35 2 2
888 205 2 4
629 214 4 3
494 191 3 1
909 931 0 2
31 273 2 3
13
508 411 1 2
923 986 2 3
661 886 1 2
630 705 3 0
520 450 3 2
539 272 0 1
201 878 0 1
927 95 3 2
721 822 4 3
595 725 0 0
929 696 3 1
879 97 0 1
700 289 2 4
10
647 495 2 3
187 949 0 4
174 429 3 1
588 134 0 1
802 714 1 2
99 153 0 4
739 121 0 1
305 201 2 0
154 881 1 2
641 676 1 3
2
546 901 4 4
740 346 1 0
13
655 780 3 4
598 954 4 4
593 948 0 4
365 603 3 1
754 757 3 2
427 958 0 4
438 816 4 0
683 192 3 2
504 992 0 2
752 60 4 2
118 272 4 1
208 210 3 2
545 439 4 4
26
125 32 3 2
456 202 4 1
589 872 3 4
262 175 2 4
795 898 3 3
701 2 1 0
443 361 4 0
60 314 2 1
139 254 0 3
294 823 3 2
498 930 1 0
727 235 3 4
460 543 1 1
52 448 2 2
186 196 2 3
451 445 0 1
30 963 3 4
298 512 4 1
828 520 2 3
643 769 4 3
276 472 1 0
837 225 3 0
699 763 4 1
854 6 2 4
689 576 0 2
308 124 2 2
30
684 203 0 2
233 902 0 3
911 936 4 4
165 164 2 1
363 900 3 4
91 554 2 4
489 325 4 0
657 22 0 0
978 590 4 3
544 568 3 4
359 231 0 1
480 503 0 2
909 647 0 2
236 548 2 2
16 53 1 0
917 799 3 4
907 287 1 0
757 221 2 2
497 929 0 3
275 995 0 1
828 311 2 0
750 540 0 0
184 6 2 4
127 542 0 2
842 596 4 3
208 371 3 0
298 504 4 0
906 748 1 1
186 636 2 1
496 95 2 2
16
535 198 0 4
681 626 3 3
439 293 4 2
558 307 0 4
867 910 1 3
437 330 4 1
671 960 0 3
625 922 0 0
64 544 3 3
386 29 4 3
688 500 1 4
707 431 4 0
580 236 3 2
100 415 4 1
760 333 3 1
223 938 3 4
2
931 919 2 2
949 151 4 3
11
829 103 1 1
770 786 4 0
61 218 1 3
704 613 2 4
301 812 3 4
729 654 3 1
557 614 4 4
702 544 1 3
577 920 0 0
990 320 3 0
860 670 1 3
19
920 607 0 1
108 921 0 2
96 735 3 4
961 380 4 0
131 741 1 4
19 905 1 0
284 86 3 4
855 54 3 0
867 443 1 4
810 795 2 3
287 571 0 1
658 554 4 4
73 500 2 4
306 692 2 2
931 336 2 2
374 101 2 2
348 484 4 2
931 673 2 4
162 972 4 1
26
129 178 4 2
994 929 2 3
574 894 3 3
774 429 3 1
742 116 3 0
607 329 1 1
571 638 1 3
232 708 2 2
73 531 2 1
661 833 1 3
440 898 3 3
301 984 3 0
599 383 0 2
737 853 0 3
962 299 0 4
586 762 0 3
674 844 4 3
617 70 2 0
11 622 0 0
736 521 1 2
291 84 2 1
846 51 1 0
285 384 4 0
472 48 0 1
13 682 0 2
707 857 4 3
17
104 317 0 1
131 984 1 0
179 83 0 2
348 774 4 3
265 69 1 4
255 955 2 4
396 726 2 2
702 365 1 3
623 512 2 1
959 537 4 0
752 996 4 0
980 781 3 3
791 575 2 3
979 565 3 4
41 336 0 2
766 612 0 2
937 261 0 0
2
157 444 4 0
566 318 4 0
30
951 745 0 3
221 649 2 2
584 52 0 2
197 327 4 1
981 250 1 1
713 996 0 0
508 204 1 0
938 382 4 2
584 593 0 0
24 810 3 2
405 640 0 4
500 877 4 4
137 138 0 1
669 264 1 4
879 204 0 0
557 178 4 2
321 466 4 0
759 943 0 1
841 24 4 3
879 711 0 4
76 410 0 1
749 617 3 2
492 675 0 3
808 990 0 3
400 482 4 1
692 90 2 3
906 552 1 3
471 308 2 2
149 662 0 1
333 359 1 0
16
196 766 3 0
994 724 2 3
716 129 0 4
178 758 2 0
445 400 1 4
511 737 2 0
683 375 3 2
739 347 0 0
76 713 0 0
287 938 0 4
798 50 3 1
376 755 1 3
619 675 3 3
662 687 1 1
678 429 1 1
173 699 3 4
4
525 301 0 3
810 635 2 4
880 708 4 2
321 120 4 4
11
620 150 4 3
123 714 3 2
143 742 3 3
460 59 1 2
237 410 2 1
169 150 4 3
784 741 1 4
710 427 4 0
111 829 0 1
47 712 3 0
839 11 3 0
24
974 64 2 3
960 931 3 2
31 635 2 4
127 796 0 0
926 377 2 1
337 485 2 3
402 303 4 1
368 70 2 0
904 806 2 1
388 143 2 3
141 807 1 2
132 229 3 3
421 67 3 3
890 715 1 0
275 488 0 1
557 645 4 3
165 199 2 1
611 472 0 0
506 642 3 4
835 110 4 2
595 828 0 2
437 485 4 3
628 33 0 1
231 31 1 2
22
740 892 1 0
940 946 3 4
87 851 2 2
371 515 0 3
693 530 0 3
208 361 3 0
92 964 3 3
223 134 3 1
790 662 3 1
767 990 3 3
54 474 0 3
609 648 3 3
55 374 0 2
680 875 3 1
32 708 2 2
498 159 1 4
748 583 1 2
452 154 0 1
455 711 3 4
189 739 3 0
154 369 1 1
649 134 2 1
17
662 317 1 1
684 160 0 2
157 362 4 1
423 410 4 1
48 962 1 0
39 223 0 3
464 792 2 3
476 121 0 1
798 988 3 2
360 682 3 2
895 980 3 3
416 848 1 3
747 638 2 3
191 678 1 1
107 961 3 4
591 182 2 1
68 580 2 3
25
147 268 3 2
654 103 1 1
906 528 1 3
300 53 3 0
456 863 4 0
778 626 4 3
30 295 3 0
353 61 0 1
762 114 3 1
918 112 2 0
320 188 0 3
194 44 1 1
525 452 0 0
86 143 4 3
148 53 4 0
951 571 0 1
505 496 0 2
95 916 2 4
2 319 0 3
564 734 4 4
14 608 0 4
874 521 0 2
397 396 3 2
691 242 0 0
216 259 0 3
3
711 818 4 1
710 695 4 4
390 419 3 0
5
890 922 1 0
893 659 2 3
251 92 1 3
463 59 4 2
570 442 0 0
21
809 462 0 0
318 956 0 0
790 548 3 2
646 978 2 4
536 729 3 3
731 495 4 3
446 315 1 1
264 282 4 2
29 854 3 2
1 307 2 4
61 339 1 1
701 517 1 2
747 571 2 1
10 944 0 2
27 113 3 2
132 652 3 0
409 373 1 4
657 512 0 1
324 324 0 0
420 639 2 3
409 493 1 1
26
724 175 3 4
79 432 2 0
988 132 2 3
958 473 4 1
682 412 2 4
300 124 3 2
257 200 3 3
36 330 2 1
346 763 0 1
617 854 2 2
893 20 2 2
445 123 1 3
932 912 0 0
454 184 4 2
42 864 1 3
979 576 3 2
315 923 1 2
613 50 4 1
909 792 0 3
464 746 2 3
892 506 0 3
185 258 1 0
44 511 1 2
545 40 4 2
799 687 4 1
303 669 1 1
22
222 875 4 1
448 292 2 4
534 335 0 0
469 942 3 0
532 584 4 0
861 55 0 0
476 506 0 3
226 560 1 0
772 603 1 1
247 717 3 2
251 837 1 3
163 938 3 4
932 351 0 0
296 708 2 2
131 693 1 0
972 380 1 0
130 563 1 3
27 782 3 2
136 545 1 4
623 336 2 2
895 128 3 4
661 590 1 3
26
419 925 0 1
514 261 2 0
473 6 1 4
104 795 0 3
942 779 0 0
808 426 0 2
265 502 1 0
293 563 2 3
713 112 0 0
186 741 2 4
64 770 3 4
748 267 1 1
97 355 1 1
707 214 4 3
278 782 1 2
202 482 1 1
146 894 0 3
101 407 2 4
782 554 2 4
2 559 0 1
567 423 2 4
177 119 4 1
532 462 4 0
757 371 2 0
357 484 4 2
348 531 4 1
13
631 827 4 2
788 308 0 2
756 355 1 1
260 623 2 2
634 936 4 4
662 117 1 4
154 839 1 3
430 559 3 1
94 815 2 2
665 60 0 2
11 377 0 1
188 203 3 2
372 298 1 4
22
175 340 4 1
847 7 1 2
835 696 4 1
719 286 4 2
820 63 4 1
348 6 4 4
566 134 4 1
299 352 4 1
86 460 4 1
692 317 2 1
623 703 2 0
787 399 3 0
361 538 0 2
756 392 1 1
475 884 3 3
902 957 3 3
801 429 2 1
134 350 1 1
513 127 1 0
156 869 0 1
903 783 1 4
90 776 3 3
28
918 673 2 4
588 83 0 2
105 238 1 1
264 147 4 3
145 530 0 3
948 202 4 1
232 711 2 4
197 120 4 4
121 638 1 3
150 249 3 2
698 493 2 1
763 820 1 4
241 573 3 1
253 303 2 1
856 570 1 0
237 224 2 0
734 708 4 2
111 199 0 1
156 555 0 3
461 679 3 0
833 423 3 4
596 963 3 4
722 365 4 3
247 173 3 3
897 621 1 0
175 657 4 0
888 672 2 4
324 17 0 0
10
512 450 1 2
378 463 0 4
815 562 2 1
363 874 3 0
545 684 4 0
461 273 3 3
238 926 1 2
550 345 4 1
639 836 3 2
528 875 3 1
4
332 886 1 2
694 825 4 1
932 911 0 4
74 980 0 3
8
371 222 0 4
367 472 1 0
74 415 0 1
142 835 3 4
956 230 0 3
964 934 3 0
723 21 3 1
139 88 0 2
18
981 22 1 0
110 149 2 0
487 739 4 0
678 176 1 2
557 788 4 0
57 846 3 1
452 892 0 0
396 23 2 2
369 742 1 3
452 133 0 2
293 257 2 3
979 456 3 4
406 1 0 2
187 684 0 0
755 191 3 1
190 6 3 4
339 368 1 2
480 550 0 4
25
459 161 0 0
927 931 3 2
483 467 3 4
377 835 1 4
180 812 4 4
864 375 3 2
691 184 0 2
901 236 4 2
694 823 4 2
562 806 1 1
739 534 0 0
707 303 4 1
109 789 1 0
96 214 3 3
616 677 4 3
503 746 2 3
606 195 0 0
902 514 3 2
714 813 2 2
742 386 3 4
609 119 3 1
723 924 3 3
736 922 1 0
664 184 2 2
561 275 3 0
27
297 791 0 2
252 534 2 0
982 17 2 0
897 653 1 3
586 204 0 0
968 828 3 2
665 56 0 1
358 514 0 2
719 204 4 0
82 24 0 3
550 686 4 2
657 915 0 2
219 363 3 3
589 288 3 0
590 324 3 0
970 963 1 4
981 433 1 0
327 952 1 1
236 8 2 2
581 210 3 2
818 398 1 4
416 569 1 4
403 302 4 2
582 734 2 4
734 111 4 0
280 19 0 1
682 391 2 4
29
397 290 3 1
582 173 2 3
35 705 2 0
45 49 0 4
961 348 4 4
429 813 1 2
493 483 1 3
324 254 0 3
682 292 2 4
779 806 0 1
762 588 3 0
611 617 0 2
679 946 0 4
853 195 3 0
626 986 3 3
368 776 2 3
397 763 3 1
149 559 0 1
572 806 3 1
215 812 2 4
893 491 2 4
735 696 4 1
88 722 2 4
75 784 2 1
490 10 0 0
942 647 0 2
804 633 3 3
779 97 0 1
632 33 1 1
13
189 227 3 1
987 278 0 1
85 590 3 3
403 678 4 1
349 671 0 0
640 583 4 2
614 116 4 0
942 554 0 4
950 567 3 2
794 681 3 3
758 893 0 2
937 421 0 3
416 465 1 0
15
2 898 0 3
38 478 0 2
541 547 4 0
753 9 1 2
20 17 2 0
940 303 3 1
579 485 3 3
647 108 2 0
175 828 4 2
402 25 4 3
203 634 2 4
701 769 1 3
384 277 0 0
368 902 2 3
922 211 0 3
22
949 453 4 0
689 580 0 3
740 766 1 0
378 464 0 2
486 470 2 0
8 309 2 4
409 129 1 4
90 538 3 2
461 181 3 1
801 338 2 2
544 566 3 4
401 630 1 3
930 910 0 3
377 326 1 2
283 154 2 1
798 968 3 3
940 919 3 2
578 935 2 2
633 219 3 3
125 588 3 0
808 737 0 0
325 18 0 0
14
844 576 3 2
371 607 0 1
916 883 4 3
72 167 3 4
655 181 3 1
414 818 2 1
534 557 0 4
396 381 2 3
320 220 0 3
793 655 0 3
501 793 3 0
962 751 0 0
720 288 0 0
129 411 4 2
28
774 729 3 3
58 624 2 0
811 766 0 0
655 241 3 3
36 522 2 3
850 521 2 2
683 201 3 0
588 541 0 4
182 638 1 3
936 74 4 0
449 270 0 3
153 961 4 4
217 626 3 3
227 17 1 0
159 851 4 2
866 383 3 2
420 326 2 2
529 728 0 0
415 983 1 2
376 175 1 4
928 289 2 4
13 513 0 1
832 355 3 1
589 557 3 4
520 23 3 2
311 210 0 2
202 524 1 0
734 657 4 0
17
483 609 3 3
82 654 0 1
766 281 0 4
178 990 2 3
868 374 1 2
353 248 0 3
706 318 3 0
962 316 0 0
755 459 3 0
291 143 2 3
424 384 4 0
868 118 1 4
851 16 2 1
637 897 4 1
485 611 3 0
952 423 1 4
360 341 3 4
24
217 334 3 2
469 446 3 1
798 448 3 2
735 95 4 2
843 923 2 2
966 926 3 2
28 636 1 1
290 779 1 0
916 660 4 2
289 846 4 1
933 263 2 3
182 439 1 4
324 15 0 3
835 155 4 1
116 717 0 2
147 522 3 3
173 55 3 0
57 150 3 3
593 813 0 2
63 14 1 0
971 726 2 2
420 776 2 3
820 7 4 2
148 285 4 4
15
675 877 3 4
933 512 2 1
967 196 1 3
100 854 4 2
596 306 3 2
221 203 2 2
383 831 2 4
122 445 4 1
349 89 0 2
734 938 4 4
248 721 3 4
937 396 0 2
79 954 2 4
163 775 3 1
449 743 0 1
8
416 58 1 2
639 527 3 3
452 950 0 3
128 287 4 0
67 226 3 1
277 346 0 0
199 914 1 1
277 154 0 1
25
661 794 1 3
394 798 3 3
164 458 1 0
662 986 1 3
394 214 3 3
579 58 3 2
894 773 3 0
317 248 1 3
307 748 4 1
815 909 2 0
240 356 0 1
981 167 1 4
539 104 0 0
494 61 3 1
793 513 0 1
462 361 0 0
201 728 0 0
351 777 0 1
414 943 2 1
391 545 4 4
131 284 1 3
396 840 2 3
872 835 4 4
100 229 4 3
955 495 4 3
8
623 874 2 0
109 978 1 4
566 469 4 3
622 406 0 0
417 665 3 0
270 761 3 0
101 214 2 3
677 448 3 2
6
498 410 1 1
129 837 4 3
94 279 2 4
579 654 3 1
542 253 2 2
325 69 0 4
16
181 730 1 4
109 208 1 3
391 34 4 2
149 674 0 4
235 245 4 3
303 477 1 3
314 208 1 3
389 48 3 1
815 513 2 1
386 138 4 1
24 903 3 1
371 567 0 2
635 555 4 3
680 402 3 4
959 307 4 4
163 496 3 2
22
573 252 1 2
973 814 0 2
865 166 1 4
800 387 3 0
135 114 2 1
529 671 0 0
999 222 1 4
284 794 3 3
287 369 0 1
277 701 0 1
703 389 0 3
442 101 0 2
520 922 3 0
424 117 4 4
59 939 2 4
414 919 2 2
743 527 1 3
142 286 3 2
474 703 3 0
154 763 1 1
816 527 0 3
379 171 2 3
11
74 556 0 3
441 813 4 2
30 21 3 1
997 427 4 0
33 19 1 1
592 311 0 0
95 5 2 3
203 545 2 4
313 530 3 3
427 514 0 2
460 830 1 1
9
58 883 2 3
972 207 1 3
597 857 4 3
292 992 4 2
380 575 0 3
69 48 4 1
751 966 0 3
494 812 3 4
424 930 4 0
15
641 299 1 4
220 213 3 4
956 809 0 0
138 986 1 3
586 852 0 1
468 306 3 2
857 589 3 3
534 161 0 0
849 593 3 0
349 971 0 2
59 306 2 2
488 580 1 3
20 98 2 4
557 925 4 1
101 170 2 2
12
936 947 4 4
856 164 1 1
139 198 0 4
167 592 4 0
728 64 0 3
64 710 3 4
445 420 1 2
791 892 2 0
55 720 0 0
336 423 2 4
650 912 4 0
128 609 4 3
5
56 232 1 2
750 110 0 2
758 292 0 4
652 683 0 3
98 250 4 1
24
27 683 3 3
734 921 4 2
537 752 0 4
123 844 3 3
532 943 4 1
683 41 3 0
105 445 1 1
543 610 1 0
341 715 4 0
994 622 2 0
639 993 3 3
967 390 1 3
172 554 1 4
500 52 4 2
797 579 1 3
350 632 1 1
859 305 3 2
187 576 0 2
82 678 0 1
879 739 0 0
915 360 2 3
574 58 3 2
459 846 0 1
137 875 0 1
25
392 395 1 4
756 477 1 3
234 923 0 2
745 108 3 0
788 980 0 3
170 688 2 1
945 407 1 4
715 116 0 0
978 466 4 0
241 333 3 1
831 538 4 2
622 652 0 0
681 508 3 1
706 441 3 4
31 378 2 0
494 193 3 2
194 689 1 0
861 895 0 3
783 70 4 0
394 457 3 2
873 225 3 0
832 73 3 2
289 873 4 3
370 196 3 3
635 695 4 4
4
960 142 3 3
375 114 2 1
670 423 3 4
681 892 3 0
5
858 174 2 3
207 978 3 4
103 646 1 2
887 747 0 2
277 326 0 2
18
520 694 3 4
214 532 3 4
541 222 4 4
609 945 3 1
927 608 3 4
102 785 0 2
781 679 3 0
771 539 4 0
899 167 0 4
145 214 0 3
576 782 2 2
514 689 2 0
408 418 2 2
791 365 2 3
924 911 3 4
182 632 1 1
164 125 1 3
81 385 3 2
20
908 50 0 1
939 800 4 3
413 762 3 3
49 314 4 1
463 137 4 0
636 631 1 4
387 183 0 4
372 826 1 0
180 545 4 4
944 782 2 2
662 935 1 2
219 805 3 2
962 331 0 2
566 954 4 4
923 428 2 1
156 722 0 4
392 472 1 0
149 372 0 1
758 736 0 1
283 802 2 1
26
453 555 0 3
511 904 2 2
144 912 1 0
280 242 0 0
943 146 1 0
216 848 0 3
92 605 3 4
332 73 1 2
679 578 0 2
221 68 2 2
132 239 3 0
923 845 2 1
879 763 0 1
486 823 2 2
916 298 4 4
912 498 0 1
403 481 4 0
679 474 0 3
960 311 3 0
935 284 2 3
297 25 0 3
787 237 3 2
232 592 2 0
371 208 0 3
248 296 3 2
738 828 3 2
5
416 279 1 4
408 84 2 1
753 315 1 1
172 393 1 1
364 810 3 2
19
120 149 4 0
314 644 1 4
699 510 4 2
705 557 0 4
594 9 0 2
643 919 4 2
776 574 3 3
656 188 1 3
330 469 1 3
940 926 3 2
26 265 2 1
792 836 3 2
778 682 4 2
55 952 0 1
877 852 4 1
835 591 4 2
767 257 3 3
277 588 0 0
804 360 3 3
27
257 78 3 2
928 75 2 2
251 520 1 3
957 774 3 3
296 711 2 4
989 32 1 2
248 753 3 1
408 36 2 2
854 853 2 3
218 308 3 2
953 810 4 2
343 670 4 3
827 956 2 0
249 499 2 0
661 553 1 1
361 25 0 3
317 561 1 3
848 40 3 2
885 460 2 1
552 153 3 4
953 405 4 0
516 233 3 0
365 628 3 0
944 438 2 4
256 234 2 0
246 17 2 0
649 373 2 4
7
417 461 3 3
427 843 0 2
65 346 2 0
956 605 0 4
535 988 0 2
344 613 2 4
581 225 3 0
11
19 84 1 1
866 479 3 2
653 796 3 0
528 936 3 4
13 361 0 0
777 972 1 1
442 72 0 3
294 410 3 1
546 799 4 4
682 969 2 2
945 266 1 0
1
585 584 3 0
3
322 942 1 0
869 167 1 4
75 254 2 3
24
869 655 1 3
594 21 0 1
37 727 3 3
801 836 2 2
227 994 1 2
783 394 4 3
237 402 2 4
236 490 2 0
924 781 3 3
65 807 2 2
66 596 4 3
790 278 3 1
507 796 4 0
535 185 0 1
817 302 0 2
917 249 3 2
407 901 4 4
272 935 1 2
319 740 3 1
218 887 3 0
607 953 1 4
87 889 2 4
237 634 2 4
561 29 3 3
28
355 911 1 4
107 951 3 0
681 773 3 0
924 306 3 2
309 703 4 0
864 904 3 2
160 688 2 1
677 206 3 0
960 879 3 0
464 702 2 1
540 456 0 4
20 177 2 4
290 785 1 2
212 76 1 0
370 691 3 0
198 723 4 3
15 624 3 0
775 699 1 4
274 828 0 2
301 672 3 4
498 107 1 3
356 743 1 1
508 730 1 4
816 190 0 3
554 754 4 3
668 712 4 0
411 815 2 2
181 996 1 0
4
296 567 2 2
5 678 3 1
911 978 4 4
389 957 3 3
25
111 378 0 0
684 429 0 1
405 818 0 1
774 878 3 1
954 691 4 0
45 944 0 2
152 275 2 0
545 686 4 2
455 598 3 4
933 571 2 1
800 886 3 2
191 872 1 4
549 21 2 1
682 736 2 1
75 22 2 0
338 656 2 1
129 561 4 3
99 484 0 2
104 21 0 1
566 829 4 1
638 663 3 4
208 310 3 1
960 689 3 0
713 726 0 2
564 374 4 2
6
168 288 0 0
186 628 2 0
637 987 4 0
175 674 4 4
988 590 2 3
762 617 3 2
6
991 811 4 0
723 335 3 0
602 291 4 2
933 962 2 0
59 528 2 3
258 904 0 2
2
172 717 1 2
286 223 2 3
4
610 705 0 0
562 612 1 2
458 196 0 3
957 952 3 1
16
149 440 0 3
685 303 2 1
281 685 4 2
213 255 4 2
16 351 1 0
521 903 2 1
43 926 4 2
738 141 3 1
2 800 0 3
104 537 0 0
690 582 0 2
203 485 2 3
267 568 1 4
440 494 3 3
264 854 4 2
867 605 1 4
8
420 283 2 2
719 953 4 4
32 891 2 2
917 276 3 1
476 276 0 1
17 987 0 0
818 536 1 3
550 319 4 3
29
921 570 2 0
711 515 4 3
504 147 0 3
546 944 4 2
490 546 0 4
814 659 2 3
780 409 4 1
801 918 2 2
384 821 0 0
60 36 2 2
792 800 3 3
447 291 4 2
422 294 3 3
143 165 3 2
294 49 3 4
860 297 1 0
515 963 3 4
984 507 0 4
582 919 2 2
306 564 2 4
550 501 4 3
760 367 3 1
25 1000 3 4
555 970 3 1
616 278 4 1
860 405 1 0
352 835 1 4
181 226 1 1
229 762 3 3
20
185 481 1 0
634 917 4 3
294 866 3 3
16 337 1 2
905 554 0 4
383 551 2 0
986 376 3 1
393 52 1 2
727 60 3 2
800 780 3 4
20 183 2 4
413 367 3 1
990 72 3 3
740 577 1 0
244 763 2 1
58 896 2 3
162 109 4 1
588 198 0 4
715 250 0 1
6 646 4 2
24
823 885 2 2
476 725 0 0
596 346 3 0
837 327 3 1
129 187 4 0
406 913 0 2
553 7 1 2
344 228 2 3
788 797 0 1
936 837 4 3
830 586 1 0
445 869 1 1
813 253 2 2
403 212 4 1
792 185 3 1
28 810 1 2
202 950 1 3
14 778 0 4
246 812 2 4
312 987 4 0
797 630 1 3
478 347 2 0
330 663 1 4
500 794 4 3
13
451 198 0 4
889 321 4 4
804 854 3 2
726 301 2 3
440 223 3 3
221 590 2 3
147 486 3 2
860 223 1 3
911 441 4 4
627 746 0 3
204 775 0 1
910 3 3 0
389 231 3 1
16
447 217 4 3
45 726 0 2
598 386 4 4
7 869 2 1
863 374 0 2
126 761 2 0
659 576 3 2
847 131 1 1
489 675 4 3
137 629 0 4
337 194 2 1
593 605 0 4
564 814 4 2
73 549 2 2
776 196 3 3
351 995 0 1
30
290 633 1 3
402 756 4 1
231 519 1 1
763 478 1 2
372 801 1 2
305 440 2 3
331 535 2 0
880 13 4 0
754 831 3 4
857 436 3 2
540 369 0 1
573 24 1 3
380 295 0 0
3 168 0 0
751 96 0 3
480 240 0 0
61 883 1 3
178 222 2 4
227 721 1 4
121 825 1 1
65 419 2 0
194 794 1 3
315 51 1 0
58 55 2 0
966 822 3 3
339 429 1 1
113 438 2 4
302 803 2 3
229 462 3 0
597 606 4 0
26
719 819 4 0
958 487 4 4
880 107 4 3
71 701 1 1
258 538 0 2
403 817 4 0
337 298 2 4
613 29 4 3
54 260 0 2
81 994 3 2
657 600 0 3
599 76 0 0
172 700 1 2
751 402 0 4
523 399 0 0
414 256 2 2
528 889 3 4
966 203 3 2
443 489 4 4
860 672 1 4
414 250 2 1
922 849 0 3
254 603 3 1
61 533 1 1
517 354 2 3
633 963 3 4
15
700 928 2 2
811 247 0 3
515 985 3 1
145 33 0 1
804 509 3 3
447 758 4 0
724 933 3 2
757 240 2 0
455 832 3 3
376 897 1 1
637 97 4 1
68 854 2 2
578 596 2 3
895 988 3 2
360 97 3 1
30
925 354 1 3
585 849 3 3
715 695 0 4
133 902 2 3
693 714 0 2
335 689 0 0
391 130 4 1
304 642 4 4
859 315 3 1
640 992 4 2
838 664 0 2
564 167 4 4
750 850 0 2
153 535 4 0
287 882 0 4
774 874 3 0
205 431 4 0
392 969 1 2
331 117 2 4
792 659 3 3
970 530 1 3
903 404 1 0
125 510 3 2
625 486 0 2
833 294 3 3
287 646 0 2
890 285 1 4
686 437 2 4
537 512 0 1
566 641 4 1
